Energia	P_OscStd	P_InvDcy	P_VEP	P_NSI	P_VIS_1	P_VIS_2	P_DCH	
0.01	0.094394392	0.042973336	0.094388263	0.095080476	0.48632494	0.0049459084	0.097874346	
0.02	0.00066780246	0.0082861805	0.00066962922	0.00057623252	0.47999807	0.0051975273	0.0051016537	
0.03	0.40712892	0.27907101	0.40713244	0.4065985	0.4814586	0.0054615143	0.40566748	
0.04	0.013482531	0.00076975503	0.013488914	0.013121545	0.4650686	0.0056973214	0.017818561	
0.05	0.15076823	0.15317821	0.15065583	0.15313878	0.41428668	0.0058200076	0.15346668	
0.06	0.45798305	0.33011602	0.45801756	0.45734094	0.38079738	0.0058231012	0.4567225	
0.07	0.53493116	0.42071155	0.53508931	0.53234742	0.36423159	0.005739289	0.5324604	
0.08	0.32598425	0.42204199	0.32614956	0.32390744	0.35666635	0.0056020727	0.32606609	
0.09	0.48597103	0.43958115	0.48630299	0.48146018	0.35286074	0.0054354794	0.48377963	
0.1	0.33390508	0.39523505	0.33361557	0.33776945	0.35016598	0.0052558872	0.33356653	
0.11	0.45277101	0.39852577	0.45240365	0.45702415	0.34741044	0.0050721996	0.45073435	
0.12	0.40633591	0.36767485	0.40593107	0.41091673	0.34414873	0.0048907277	0.40487928	
0.13	0.25107185	0.30569338	0.25076733	0.25482899	0.34028506	0.0047148109	0.25173448	
0.14	0.25667783	0.28772587	0.25707245	0.25284865	0.33585556	0.0045457713	0.25724186	
0.15	0.40717751	0.32128928	0.40702695	0.40849952	0.33096246	0.004384692	0.4055915	
0.16	0.16039955	0.22268064	0.16043979	0.16065363	0.32571979	0.0042326181	0.16228587	
0.17	0.36272652	0.28560836	0.36260975	0.36368648	0.3202138	0.0040878411	0.36171297	
0.18	0.15917678	0.19654744	0.15951125	0.15663476	0.31454851	0.003952007	0.16105704	
0.19	0.23272724	0.21746134	0.23221332	0.23773061	0.30878473	0.003823116	0.23356211	
0.2	0.29009763	0.23548074	0.29041485	0.28723279	0.30300237	0.0037014618	0.2900588	
0.21	0.1165793	0.15134066	0.11686236	0.11482592	0.2972238	0.0035872721	0.11906756	
0.22	0.15448327	0.16242076	0.15397476	0.15938824	0.29148156	0.0034786691	0.1564429	
0.23	0.26482628	0.21100386	0.264645	0.26632791	0.28582357	0.0033757823	0.26513648	
0.24	0.20632536	0.17860847	0.20683665	0.20233317	0.28026618	0.0032790482	0.20746605	
0.25	0.091976103	0.11626362	0.092319679	0.089972816	0.27481185	0.0031875508	0.094826052	
0.26	0.08482181	0.10830865	0.084490771	0.088248201	0.26947556	0.0031003128	0.08780925	
0.27	0.16393905	0.14755567	0.16336062	0.16880705	0.26427636	0.0030172084	0.16574492	
0.28	0.21898281	0.17576015	0.21880539	0.22036937	0.25922098	0.0029384481	0.21993277	
0.29	0.1962498	0.16147865	0.19664008	0.19342949	0.25430361	0.0028639156	0.19751341	
0.3	0.12530689	0.11913507	0.12591869	0.12127035	0.24951613	0.0027931177	0.12763946	
0.31	0.064340693	0.081441705	0.064705929	0.062511418	0.24485557	0.0027255064	0.067618733	
0.32	0.048520297	0.069775263	0.04839944	0.05030251	0.24032435	0.0026607326	0.05206622	
0.33	0.076196377	0.084448736	0.075671625	0.080637316	0.23592621	0.0025986759	0.079335222	
0.34	0.12294559	0.11157298	0.12230275	0.12784334	0.23166249	0.0025393304	0.12536459	
0.35	0.16187415	0.13478212	0.16141817	0.16515249	0.22753067	0.002482678	0.16367587	
0.36	0.17668405	0.14349984	0.17660211	0.17726405	0.22352529	0.0024286217	0.17823318	
0.37	0.16477604	0.13543855	0.16508986	0.16276048	0.21963965	0.0023769856	0.16648983	
0.38	0.13367213	0.11484543	0.13426534	0.13003323	0.21586748	0.0023275513	0.13585971	
0.39	0.095187624	0.089050134	0.09587153	0.091257833	0.21220379	0.0022801017	0.09797743	
0.4	0.060436451	0.065278319	0.061019077	0.057442018	0.20864508	0.0022344521	0.063781745	
0.41	0.036938966	0.048657964	0.037275891	0.035700855	0.20518896	0.0021904632	0.040670581	
0.42	0.027797741	0.04151814	0.02781713	0.028622364	0.2018336	0.0021480392	0.031692003	
0.43	0.032295921	0.043643334	0.032000168	0.035016914	0.19857721	0.0021071168	0.036135116	
0.44	0.047174673	0.053033081	0.046625964	0.05128418	0.19541763	0.0020676517	0.050788676	
0.45	0.068010423	0.066787607	0.067308442	0.07282165	0.1923522	0.0020296064	0.071297159	
0.46	0.090349596	0.081877001	0.089608167	0.095148162	0.18937769	0.0019929413	0.093277525	
0.47	0.11046483	0.09568259	0.10979203	0.11462486	0.18649045	0.0019576101	0.11306299	
0.48	0.12573545	0.10629414	0.12521938	0.12879198	0.18368656	0.0019235584	0.12807681	
0.49	0.13472752	0.11260103	0.13442833	0.13640746	0.18096201	0.0018907249	0.13691046	
0.5	0.13707236	0.11423732	0.13701968	0.13729227	0.17831285	0.0018590434	0.13920355	
0.51	0.13323612	0.1114414	0.13343082	0.13207714	0.17573535	0.0018284458	0.13541672	
0.52	0.12425299	0.10488037	0.12467172	0.12192287	0.17322604	0.0017988646	0.12656901	
0.53	0.11147111	0.09547498	0.11207236	0.10826164	0.17078177	0.0017702357	0.11398768	
0.54	0.09633898	0.084246929	0.09706958	0.092584986	0.16839974	0.0017424991	0.099098242	
0.55	0.08024421	0.072199314	0.081045505	0.076287842	0.16607747	0.0017156006	0.083265793	
0.56	0.064404979	0.060232516	0.065218145	0.060567405	0.16381274	0.0016894917	0.067688384	
0.57	0.049808332	0.049092961	0.050578622	0.046369408	0.16160359	0.0016641301	0.053336422	
0.58	0.03718618	0.039349329	0.037865995	0.034371726	0.15944826	0.0016394785	0.04092917	
0.59	0.027019166	0.03138982	0.027570014	0.024994869	0.15734515	0.0016155046	0.030938633	
0.6	0.019559229	0.025434204	0.019952706	0.018429928	0.15529276	0.0015921804	0.023611836	
0.61	0.014863137	0.021555124	0.015081091	0.014676155	0.15328969	0.0015694811	0.019003857	
0.62	0.012830902	0.019704197	0.012864981	0.013582184	0.15133459	0.0015473849	0.017015668	
0.63	0.013244693	0.019739488	0.013095434	0.014886638	0.14942615	0.0015258718	0.017432428	
0.64	0.015805249	0.02145201	0.015480886	0.018255346	0.14756308	0.0015049238	0.019959325	
0.65	0.020164019	0.024589703	0.019679133	0.023313585	0.1457441	0.0014845238	0.024253192	
0.66	0.025950158	0.028878044	0.025324274	0.029672661	0.14396795	0.0014646556	0.029949054	
0.67	0.032792142	0.034036967	0.032048364	0.036950769	0.14223336	0.0014453034	0.036681393	
0.68	0.040334223	0.039794089	0.039497958	0.044788486	0.14053909	0.001426452	0.044100306	
0.69	0.048248223	0.045894511	0.047346034	0.052859501	0.13888388	0.0014080863	0.051883095	
0.7	0.056241283	0.052107582	0.055299898	0.060877292	0.1372665	0.0013901914	0.059741873	
0.71	0.064060269	0.058231073	0.063105743	0.068598494	0.13568574	0.0013727525	0.067427873	
0.72	0.071493482	0.064093237	0.070550527	0.07582366	0.1341404	0.0013557551	0.074733124	
0.73	0.078370317	0.069553196	0.077461777	0.082396074	0.13262932	0.0013391845	0.081490089	
0.74	0.084559399	0.074500065	0.083705872	0.088199157	0.13115134	0.0013230264	0.087569829	
0.75	0.089965677	0.078851162	0.089185256	0.093152957	0.12970537	0.0013072668	0.092879122	
0.76	0.094526851	0.082549611	0.09383498	0.097210079	0.12829033	0.0012918916	0.097356949	
0.77	0.098209448	0.085561569	0.097618865	0.10035137	0.12690517	0.0012768875	0.10097063	
0.78	0.10100478	0.087873292	0.10052554	0.10258161	0.1255489	0.001262241	0.10371182	
0.79	0.10292498	0.089488161	0.10256453	0.1039253	0.12422055	0.0012479393	0.10559264	
0.8	0.10399917	0.09042381	0.10376249	0.10442273	0.1229192	0.0012339699	0.10664191	
0.81	0.10427	0.090709406	0.10415976	0.10412643	0.12164396	0.0012203206	0.10690168	
0.82	0.10379041	0.090383149	0.10380718	0.10309794	0.12039398	0.0012069798	0.10642414	
0.83	0.10262085	0.089490015	0.10276325	0.10140495	0.11916847	0.0011939363	0.1052688	
0.84	0.10082674	0.088079759	0.10109171	0.099118937	0.11796665	0.0011811793	0.10350007	
0.85	0.098476399	0.086205177	0.098859393	0.096313045	0.11678778	0.0011686983	0.10118515	
0.86	0.095639224	0.083920621	0.096134417	0.093060416	0.11563117	0.0011564836	0.098392338	
0.87	0.092384235	0.081280753	0.09298473	0.089432789	0.11449615	0.0011445258	0.095189493	
0.88	0.088778869	0.078339513	0.08947689	0.085499407	0.11338208	0.0011328157	0.091642924	
0.89	0.084888038	0.0751493	0.085675113	0.081326171	0.11228836	0.0011213448	0.087816441	
0.9	0.080773412	0.071760315	0.081640541	0.076975019	0.11121441	0.0011101049	0.08377066	
0.91	0.07649289	0.068220076	0.0774307	0.072503498	0.11015968	0.0010990882	0.079562478	
0.92	0.072100245	0.064573058	0.073099128	0.067964491	0.10912365	0.0010882874	0.075244728	
0.93	0.067644898	0.060860458	0.068695135	0.063406085	0.10810582	0.0010776954	0.070865961	
0.94	0.063171814	0.057120056	0.06426369	0.05887154	0.10710571	0.0010673055	0.066470342	
0.95	0.058721498	0.053386153	0.059845393	0.054399357	0.10612286	0.0010571113	0.062097649	
0.96	0.054330056	0.049689585	0.055476532	0.050023412	0.10515683	0.0010471067	0.057783333	
0.97	0.050029325	0.046057787	0.051189197	0.045773134	0.10420721	0.0010372861	0.053558647	
0.98	0.045847049	0.042514895	0.047011445	0.041673741	0.1032736	0.0010276438	0.04945082	
0.99	0.041807085	0.039081891	0.042967492	0.037746483	0.1023556	0.0010181748	0.045483259	
1	0.037929631	0.03577676	0.039077941	0.034008923	0.10145285	0.0010088739	0.041675778	
1.01	0.034231481	0.032614673	0.035360014	0.03047521	0.10056499	0.00099973654	0.038044841	
1.02	0.030726271	0.029608179	0.031827806	0.027156367	0.099691678	0.0009907581	0.034603812	
1.03	0.027424743	0.026767395	0.028492528	0.02406057	0.098832578	0.00098193425	0.031363211	
1.04	0.024334998	0.02410021	0.025362763	0.021193425	0.097987373	0.00097326089	0.028330963	
1.05	0.021462744	0.021612474	0.022444704	0.018558236	0.097155753	0.00096473404	0.025512643	
1.06	0.018811541	0.019308194	0.019742398	0.016156252	0.09633742	0.00095634993	0.022911717	
1.07	0.016383028	0.017189717	0.017257964	0.013986914	0.095532083	0.00094810492	0.020529762	
1.08	0.014177143	0.015257906	0.014991815	0.012048078	0.094739463	0.00093999554	0.018366689	
1.09	0.012192328	0.013512306	0.012942857	0.010336223	0.093959287	0.00093201844	0.016420938	
1.1	0.010425723	0.011951304	0.011108677	0.0088466508	0.093191292	0.00092417042	0.014689669	
1.11	0.0088733383	0.010572277	0.0094857236	0.0075736601	0.09243522	0.00091644838	0.013168939	
1.12	0.0075302256	0.0093717251	0.0080694669	0.0065107133	0.091690824	0.00090884935	0.011853859	
1.13	0.0063906239	0.0083454017	0.0068545472	0.0056505843	0.09095786	0.00090137047	0.010738748	
1.14	0.0054480986	0.0074884281	0.0058349128	0.0049854943	0.090236092	0.00089400898	0.0098172602	
1.15	0.0046956656	0.0067954006	0.0050039434	0.0045072325	0.089525292	0.0008867622	0.0090825145	
1.16	0.0041259044	0.0062604865	0.0043545626	0.004207265	0.088825236	0.00087962755	0.0085272009	
1.17	0.0037310586	0.0058775119	0.0038793386	0.0040768321	0.088135706	0.00087260256	0.0081436817	
1.18	0.0035031268	0.0056400406	0.0035705749	0.004107033	0.087456489	0.00086568481	0.0079240792	
1.19	0.0034339425	0.0055414448	0.0034203904	0.0042889019	0.086787378	0.00085887196	0.0078603556	
1.2	0.0035152457	0.0055749676	0.0034207911	0.0046134735	0.086128171	0.00085216175	0.007944382	
1.21	0.0037387448	0.0057337793	0.0035637326	0.0050718402	0.08547867	0.000845552	0.0081679999	
1.22	0.0040961712	0.0060110263	0.0038411755	0.0056552015	0.084838684	0.00083904057	0.0085230748	
1.23	0.0045793269	0.0063998744	0.0042451327	0.0063549055	0.084208025	0.00083262541	0.0090015427	
1.24	0.0051801247	0.006893546	0.0047677109	0.0071624848	0.083586507	0.0008263045	0.0095954494	
1.25	0.0058906231	0.0074853527	0.0054011459	0.0080696858	0.082973953	0.0008200759	0.010296985	
1.26	0.0067030552	0.0081687229	0.0061378324	0.0090684928	0.082370186	0.00081393772	0.011098513	
1.27	0.0076098534	0.0089372252	0.006970349	0.010151148	0.081775035	0.00080788811	0.011992591	
1.28	0.0086036688	0.009784588	0.0078914787	0.011310166	0.081188334	0.00080192528	0.012971996	
1.29	0.0096773877	0.010704716	0.0088942258	0.012538345	0.080609918	0.0007960475	0.014029736	
1.3	0.010824143	0.011691702	0.0099718288	0.013828777	0.080039627	0.00079025305	0.01515906	
1.31	0.012037326	0.01273984	0.011117771	0.015174851	0.079477305	0.00078454028	0.016353475	
1.32	0.013310589	0.013843628	0.012325785	0.016570257	0.078922798	0.00077890759	0.017606741	
1.33	0.014637852	0.014997781	0.013589864	0.018008985	0.078375958	0.00077335339	0.018912887	
1.34	0.016013307	0.016197227	0.014904257	0.019485327	0.077836638	0.00076787616	0.020266204	
1.35	0.017431411	0.017437114	0.016263474	0.020993867	0.077304694	0.00076247441	0.021661249	
1.36	0.018886894	0.018712808	0.017662285	0.022529488	0.076779988	0.00075714666	0.023092844	
1.37	0.020374748	0.020019895	0.019095715	0.024087354	0.076262381	0.00075189151	0.024556071	
1.38	0.021890229	0.021354175	0.020559045	0.025662912	0.075751741	0.00074670756	0.026046271	
1.39	0.023428847	0.022711663	0.022047805	0.027251882	0.075247937	0.00074159346	0.027559035	
1.4	0.024986364	0.024088584	0.023557769	0.028850248	0.074750839	0.00073654788	0.029090203	
1.41	0.026558789	0.025481368	0.025084949	0.030454252	0.074260323	0.00073156953	0.030635857	
1.42	0.028142365	0.026886646	0.026625589	0.032060382	0.073776267	0.00072665715	0.032192308	
1.43	0.029733567	0.028301243	0.028176158	0.033665367	0.07329855	0.0007218095	0.033756098	
1.44	0.031329092	0.029722176	0.029733345	0.035266162	0.072827056	0.00071702538	0.035323985	
1.45	0.032925853	0.031146642	0.031294045	0.036859946	0.072361669	0.00071230362	0.036892941	
1.46	0.034520967	0.03257202	0.03285536	0.038444106	0.071902277	0.00070764306	0.038460137	
1.47	0.036111751	0.033995856	0.034414584	0.040016229	0.07144877	0.00070304258	0.040022944	
1.48	0.037695714	0.035415862	0.0359692	0.041574097	0.071001042	0.00069850108	0.041578915	
1.49	0.039270543	0.036829907	0.037516867	0.043115673	0.070558986	0.00069401748	0.043125786	
1.5	0.040834102	0.038236014	0.039055419	0.044639093	0.0701225	0.00068959074	0.044661461	
1.51	0.042384419	0.039632349	0.040582852	0.046142659	0.069691483	0.00068521983	0.046184009	
1.52	0.043919682	0.041017216	0.042097316	0.047624828	0.069265837	0.00068090374	0.047691654	
1.53	0.045438227	0.042389051	0.043597113	0.049084206	0.068845466	0.00067664149	0.049182765	
1.54	0.046938534	0.043746418	0.045080683	0.050519537	0.068430275	0.00067243213	0.050655855	
1.55	0.048419218	0.045088	0.046546601	0.051929697	0.068020172	0.0006682747	0.052109567	
1.56	0.049879022	0.046412591	0.04799357	0.053313688	0.067615066	0.0006641683	0.053542672	
1.57	0.051316811	0.047719098	0.049420413	0.054670627	0.06721487	0.00066011203	0.054954058	
1.58	0.052731563	0.049006525	0.050826065	0.055999742	0.066819497	0.000656105	0.056342728	
1.59	0.054122364	0.050273977	0.052209571	0.057300361	0.066428862	0.00065214636	0.057707787	
1.6	0.055488405	0.051520649	0.053570074	0.058571913	0.066042882	0.00064823526	0.059048445	
1.61	0.056828969	0.052745822	0.054906816	0.059813914	0.065661478	0.00064437087	0.060364003	
1.62	0.058143431	0.05394886	0.056219127	0.061025965	0.065284568	0.00064055241	0.06165385	
1.63	0.059431251	0.055129202	0.057506421	0.062207748	0.064912076	0.00063677906	0.06291746	
1.64	0.060691967	0.05628636	0.058768193	0.063359015	0.064543926	0.00063305007	0.064154384	
1.65	0.061925191	0.057419914	0.060004012	0.064479589	0.064180043	0.00062936468	0.065364246	
1.66	0.063130607	0.058529509	0.061213515	0.065569355	0.063820354	0.00062572214	0.066546737	
1.67	0.064307961	0.059614848	0.062396405	0.066628257	0.063464789	0.00062212174	0.067701614	
1.68	0.065457062	0.06067569	0.063552448	0.067656295	0.063113278	0.00061856276	0.068828691	
1.69	0.066577773	0.061711848	0.064681463	0.068653517	0.062765751	0.00061504451	0.069927839	
1.7	0.067670011	0.062723181	0.065783325	0.069620019	0.062422143	0.00061156631	0.070998979	
1.71	0.068733741	0.063709597	0.066857956	0.070555939	0.062082389	0.00060812749	0.07204208	
1.72	0.069768975	0.064671043	0.067905326	0.071461454	0.061746423	0.00060472741	0.073057157	
1.73	0.070775764	0.065607508	0.068925445	0.072336778	0.061414183	0.00060136543	0.074044264	
1.74	0.071754199	0.066519017	0.069918364	0.073182158	0.061085608	0.00059804091	0.075003494	
1.75	0.072704407	0.067405627	0.070884168	0.07399787	0.060760638	0.00059475326	0.075934973	
1.76	0.073626546	0.068267428	0.071822979	0.074784216	0.060439214	0.00059150186	0.076838862	
1.77	0.074520807	0.06910454	0.072734947	0.075541525	0.060121277	0.00058828614	0.077715348	
1.78	0.075387406	0.069917108	0.07362025	0.076270147	0.059806772	0.00058510551	0.078564648	
1.79	0.076226585	0.070705301	0.074479094	0.076970452	0.059495644	0.00058195942	0.079387002	
1.8	0.077038609	0.071469312	0.075311707	0.077642827	0.059187837	0.00057884731	0.080182673	
1.81	0.077823764	0.072209353	0.076118339	0.078287677	0.058883299	0.00057576864	0.080951943	
1.82	0.078582354	0.072925658	0.076899259	0.078905419	0.058581978	0.00057272289	0.081695115	
1.83	0.079314701	0.073618473	0.077654756	0.079496482	0.058283823	0.00056970952	0.082412506	
1.84	0.080021141	0.074288064	0.078385132	0.080061307	0.057988784	0.00056672804	0.083104449	
1.85	0.080702024	0.074934708	0.079090705	0.080600342	0.057696812	0.00056377795	0.08377129	
1.86	0.081357713	0.075558695	0.079771805	0.081114045	0.057407859	0.00056085875	0.084413386	
1.87	0.081988581	0.076160328	0.080428774	0.081602878	0.057121879	0.00055796997	0.085031106	
1.88	0.082595009	0.076739918	0.081061964	0.08206731	0.056838824	0.00055511114	0.085624827	
1.89	0.083177388	0.077297786	0.081671735	0.082507813	0.05655865	0.00055228179	0.086194932	
1.9	0.083736114	0.077834259	0.082258456	0.082924862	0.056281314	0.00054948148	0.086741815	
1.91	0.084271589	0.078349672	0.0828225	0.083318933	0.05600677	0.00054670977	0.08726587	
1.92	0.084784222	0.078844365	0.083364248	0.083690505	0.055734978	0.00054396622	0.087767501	
1.93	0.085274422	0.079318684	0.083884084	0.084040056	0.055465895	0.0005412504	0.08824711	
1.94	0.085742603	0.079772977	0.084382396	0.084368064	0.05519948	0.0005385619	0.088705107	
1.95	0.086189182	0.080207597	0.084859574	0.084675004	0.054935694	0.00053590031	0.089141901	
1.96	0.086614574	0.080622897	0.085316012	0.084961352	0.054674497	0.00053326523	0.089557902	
1.97	0.087019199	0.081019235	0.085752103	0.085227579	0.054415851	0.00053065627	0.089953522	
1.98	0.087403473	0.081396969	0.086168242	0.085474154	0.054159717	0.00052807303	0.090329171	
1.99	0.087767813	0.081756455	0.086564824	0.085701543	0.05390606	0.00052551515	0.090685261	
2	0.088112636	0.082098052	0.086942242	0.085910206	0.053654843	0.00052298224	0.0910222	
2.01	0.088438354	0.082422118	0.08730089	0.086100601	0.053406029	0.00052047395	0.091340396	
2.02	0.08874538	0.082729009	0.087641159	0.086273181	0.053159585	0.00051798993	0.091640254	
2.03	0.089034122	0.083019081	0.087963438	0.086428392	0.052915475	0.0005155298	0.091922176	
2.04	0.089304988	0.083292687	0.088268115	0.086566676	0.052673667	0.00051309325	0.092186562	
2.05	0.089558379	0.083550179	0.088555574	0.08668847	0.052434128	0.00051067992	0.092433808	
2.06	0.089794695	0.083791905	0.088826195	0.086794204	0.052196824	0.00050828948	0.092664307	
2.07	0.090014331	0.084018212	0.089080358	0.086884302	0.051961724	0.00050592162	0.092878447	
2.08	0.090217679	0.084229444	0.089318435	0.086959182	0.051728798	0.00050357601	0.093076613	
2.09	0.090405123	0.084425939	0.089540798	0.087019256	0.051498014	0.00050125233	0.093259185	
2.1	0.090577047	0.084608036	0.089747812	0.087064929	0.051269342	0.00049895029	0.093426538	
2.11	0.090733826	0.084776066	0.089939839	0.0870966	0.051042754	0.00049666957	0.093579042	
2.12	0.090875834	0.084930359	0.090117236	0.08711466	0.050818219	0.00049440989	0.093717063	
2.13	0.091003436	0.08507124	0.090280356	0.087119494	0.050595711	0.00049217095	0.093840962	
2.14	0.091116994	0.08519903	0.090429547	0.08711148	0.0503752	0.00048995247	0.093951093	
2.15	0.091216864	0.085314045	0.090565151	0.08709099	0.05015666	0.00048775416	0.094047807	
2.16	0.091303397	0.085416598	0.090687505	0.087058388	0.049940064	0.00048557575	0.094131447	
2.17	0.091376937	0.085506996	0.090796944	0.087014031	0.049725385	0.00048341697	0.094202353	
2.18	0.091437823	0.085585542	0.090893793	0.086958269	0.049512598	0.00048127755	0.094260858	
2.19	0.091486389	0.085652535	0.090978375	0.086891445	0.049301676	0.00047915724	0.094307289	
2.2	0.091522963	0.085708268	0.091051006	0.086813897	0.049092596	0.00047705578	0.094341969	
2.21	0.091547867	0.085753031	0.091111999	0.086725953	0.048885332	0.00047497291	0.094365213	
2.22	0.091561417	0.085787108	0.091161659	0.086627936	0.04867986	0.00047290838	0.094377333	
2.23	0.091563923	0.085810778	0.091200286	0.086520162	0.048476158	0.00047086196	0.094378633	
2.24	0.09155569	0.085824315	0.091228176	0.08640294	0.0482742	0.00046883341	0.094369412	
2.25	0.091537017	0.08582799	0.091245619	0.086276573	0.048073966	0.00046682248	0.094349964	
2.26	0.091508197	0.085822067	0.091252898	0.086141355	0.047875431	0.00046482896	0.094320576	
2.27	0.091469517	0.085806806	0.091250292	0.085997577	0.047678575	0.00046285261	0.094281531	
2.28	0.091421259	0.085782463	0.091238076	0.08584552	0.047483375	0.00046089321	0.094233104	
2.29	0.091363699	0.085749287	0.091216517	0.085685461	0.047289811	0.00045895054	0.094175568	
2.3	0.091297107	0.085707524	0.091185878	0.085517669	0.04709786	0.00045702439	0.094109187	
2.31	0.091221748	0.085657415	0.091146417	0.085342407	0.046907504	0.00045511454	0.094034221	
2.32	0.09113788	0.085599195	0.091098385	0.085159934	0.046718721	0.00045322079	0.093950925	
2.33	0.091045759	0.085533096	0.091042031	0.0849705	0.046531491	0.00045134294	0.093859547	
2.34	0.090945632	0.085459345	0.090977595	0.084774351	0.046345795	0.00044948077	0.093760331	
2.35	0.090837741	0.085378163	0.090905316	0.084571724	0.046161614	0.0004476341	0.093653516	
2.36	0.090722325	0.085289767	0.090825423	0.084362855	0.045978929	0.00044580273	0.093539335	
2.37	0.090599617	0.085194371	0.090738145	0.084147971	0.045797722	0.00044398647	0.093418015	
2.38	0.090469842	0.085092182	0.090643704	0.083927293	0.045617973	0.00044218512	0.09328978	
2.39	0.090333224	0.084983405	0.090542315	0.083701038	0.045439666	0.00044039852	0.093154848	
2.4	0.090189979	0.084868239	0.090434193	0.083469417	0.045262781	0.00043862647	0.093013431	
2.41	0.09004032	0.084746879	0.090319543	0.083232636	0.045087303	0.00043686879	0.092865738	
2.42	0.089884454	0.084619515	0.090198569	0.082990896	0.044913214	0.00043512531	0.092711972	
2.43	0.089722583	0.084486335	0.090071469	0.082744391	0.044740497	0.00043339586	0.092552331	
2.44	0.089554906	0.084347521	0.089938438	0.082493312	0.044569136	0.00043168026	0.092387011	
2.45	0.089381615	0.084203251	0.089799663	0.082237844	0.044399114	0.00042997835	0.092216199	
2.46	0.089202899	0.0840537	0.089655331	0.081978168	0.044230415	0.00042828997	0.092040082	
2.47	0.089018943	0.083899038	0.089505622	0.08171446	0.044063024	0.00042661495	0.09185884	
2.48	0.088829925	0.083739431	0.089350712	0.081446891	0.043896925	0.00042495312	0.091672648	
2.49	0.088636022	0.083575042	0.089190774	0.081175627	0.043732102	0.00042330435	0.091481679	
2.5	0.088437404	0.08340603	0.089025975	0.08090083	0.043568542	0.00042166846	0.091286101	
2.51	0.088234239	0.083232551	0.08885648	0.080622659	0.043406228	0.00042004531	0.091086078	
2.52	0.088026689	0.083054755	0.088682449	0.080341266	0.043245147	0.00041843475	0.090881768	
2.53	0.087814913	0.08287279	0.088504039	0.080056801	0.043085284	0.00041683663	0.090673329	
2.54	0.087599067	0.082686801	0.088321402	0.079769409	0.042926626	0.00041525081	0.090460911	
2.55	0.087379301	0.08249693	0.088134687	0.079479232	0.042769157	0.00041367714	0.090244663	
2.56	0.087155763	0.082303312	0.087944039	0.079186406	0.042612865	0.00041211548	0.09002473	
2.57	0.086928596	0.082106084	0.087749599	0.078891065	0.042457736	0.0004105657	0.089801252	
2.58	0.08669794	0.081905375	0.087551507	0.07859334	0.042303757	0.00040902765	0.089574366	
2.59	0.086463932	0.081701314	0.087349896	0.078293356	0.042150915	0.00040750121	0.089344206	
2.6	0.086226705	0.081494025	0.087144899	0.077991235	0.041999197	0.00040598623	0.089110902	
2.61	0.085986389	0.08128363	0.086936642	0.077687097	0.04184859	0.0004044826	0.088874582	
2.62	0.085743109	0.081070247	0.086725251	0.077381058	0.041699082	0.00040299018	0.088635369	
2.63	0.085496988	0.080853992	0.086510848	0.07707323	0.041550661	0.00040150885	0.088393383	
2.64	0.085248147	0.080634978	0.086293551	0.076763721	0.041403315	0.00040003848	0.088148742	
2.65	0.084996702	0.080413315	0.086073476	0.076452639	0.041257031	0.00039857895	0.087901561	
2.66	0.084742767	0.08018911	0.085850736	0.076140086	0.041111798	0.00039713014	0.08765195	
2.67	0.084486452	0.079962467	0.085625439	0.075826162	0.040967605	0.00039569192	0.087400018	
2.68	0.084227865	0.079733487	0.085397693	0.075510963	0.04082444	0.00039426419	0.08714587	
2.69	0.083967111	0.079502272	0.085167602	0.075194585	0.040682291	0.00039284683	0.086889609	
2.7	0.083704292	0.079268916	0.084935267	0.074877118	0.040541149	0.00039143972	0.086631335	
2.71	0.083439508	0.079033514	0.084700788	0.074558651	0.040401001	0.00039004276	0.086371146	
2.72	0.083172854	0.078796158	0.08446426	0.07423927	0.040261838	0.00038865582	0.086109136	
2.73	0.082904425	0.078556937	0.084225776	0.073919058	0.040123649	0.00038727881	0.085845396	
2.74	0.082634313	0.078315938	0.083985429	0.073598096	0.039986423	0.00038591161	0.085580018	
2.75	0.082362606	0.078073246	0.083743306	0.073276462	0.03985015	0.00038455412	0.085313087	
2.76	0.082089392	0.077828943	0.083499494	0.072954233	0.039714819	0.00038320624	0.085044689	
2.77	0.081814754	0.07758311	0.083254077	0.072631482	0.039580422	0.00038186786	0.084774906	
2.78	0.081538774	0.077335824	0.083007137	0.072308281	0.039446948	0.00038053888	0.084503818	
2.79	0.081261532	0.077087163	0.082758753	0.071984698	0.039314388	0.0003792192	0.084231504	
2.8	0.080983106	0.0768372	0.082509003	0.0716608	0.039182731	0.00037790873	0.083958038	
2.81	0.08070357	0.076586007	0.082257963	0.071336653	0.039051969	0.00037660736	0.083683496	
2.82	0.080422998	0.076333654	0.082005704	0.071012319	0.038922092	0.00037531501	0.083407947	
2.83	0.080141461	0.076080209	0.081752299	0.07068786	0.038793092	0.00037403157	0.083131463	
2.84	0.079859028	0.07582574	0.081497816	0.070363333	0.038664958	0.00037275695	0.08285411	
2.85	0.079575766	0.07557031	0.081242324	0.070038795	0.038537683	0.00037149107	0.082575955	
2.86	0.079291741	0.075313983	0.080985888	0.069714303	0.038411257	0.00037023383	0.082297061	
2.87	0.079007016	0.075056819	0.080728571	0.06938991	0.038285671	0.00036898514	0.08201749	
2.88	0.078721652	0.074798878	0.080470435	0.069065666	0.038160918	0.00036774492	0.081737303	
2.89	0.078435709	0.074540217	0.08021154	0.068741622	0.038036989	0.00036651308	0.081456557	
2.9	0.078149246	0.074280894	0.079951945	0.068417826	0.037913876	0.00036528952	0.08117531	
2.91	0.077862318	0.074020962	0.079691707	0.068094324	0.037791569	0.00036407418	0.080893617	
2.92	0.077574981	0.073760474	0.079430881	0.067771163	0.037670062	0.00036286696	0.080611531	
2.93	0.077287287	0.073499482	0.07916952	0.067448384	0.037549347	0.00036166779	0.080329105	
2.94	0.076999288	0.073238037	0.078907677	0.067126031	0.037429415	0.00036047658	0.080046388	
2.95	0.076711034	0.072976186	0.078645401	0.066804143	0.037310258	0.00035929325	0.079763431	
2.96	0.076422574	0.072713977	0.078382743	0.066482761	0.03719187	0.00035811772	0.079480279	
2.97	0.076133954	0.072451457	0.07811975	0.066161921	0.037074242	0.00035694992	0.079196979	
2.98	0.07584522	0.072188669	0.077856468	0.06584166	0.036957367	0.00035578977	0.078913576	
2.99	0.075556418	0.071925657	0.077592942	0.065522013	0.036841238	0.0003546372	0.078630113	
3	0.075267589	0.071662463	0.077329216	0.065203015	0.036725847	0.00035349212	0.078346633	
3.01	0.074978774	0.071399129	0.077065332	0.064884698	0.036611188	0.00035235447	0.078063175	
3.02	0.074690016	0.071135692	0.076801331	0.064567093	0.036497253	0.00035122417	0.077779779	
3.03	0.074401352	0.070872193	0.076537253	0.064250231	0.036384035	0.00035010115	0.077496484	
3.04	0.074112821	0.070608667	0.076273136	0.063934141	0.036271528	0.00034898535	0.077213326	
3.05	0.073824458	0.070345153	0.076009019	0.06361885	0.036159724	0.00034787668	0.076930342	
3.06	0.073536301	0.070081683	0.075744937	0.063304387	0.036048617	0.00034677509	0.076647565	
3.07	0.073248382	0.069818294	0.075480926	0.062990777	0.035938201	0.0003456805	0.07636503	
3.08	0.072960737	0.069555017	0.075217019	0.062678044	0.035828468	0.00034459284	0.07608277	
3.09	0.072673395	0.069291885	0.074953251	0.062366214	0.035719412	0.00034351206	0.075800815	
3.1	0.07238639	0.069028928	0.074689653	0.062055309	0.035611028	0.00034243808	0.075519197	
3.11	0.072099751	0.068766177	0.074426255	0.061745351	0.035503308	0.00034137084	0.075237944	
3.12	0.071813508	0.068503662	0.074163089	0.061436361	0.035396247	0.00034031027	0.074957086	
3.13	0.071527688	0.068241409	0.073900183	0.061128361	0.035289838	0.00033925632	0.074676649	
3.14	0.071242319	0.067979447	0.073637566	0.060821368	0.035184076	0.00033820892	0.074396661	
3.15	0.070957428	0.067717802	0.073375264	0.060515403	0.035078953	0.00033716801	0.074117148	
3.16	0.070673039	0.0674565	0.073113305	0.060210482	0.034974466	0.00033613353	0.073838134	
3.17	0.070389178	0.067195565	0.072851714	0.059906623	0.034870606	0.00033510542	0.073559643	
3.18	0.070105869	0.066935021	0.072590515	0.059603843	0.03476737	0.00033408361	0.073281699	
3.19	0.069823134	0.066674893	0.072329733	0.059302156	0.034664751	0.00033306806	0.073004324	
3.2	0.069540995	0.066415201	0.07206939	0.059001579	0.034562743	0.0003320587	0.07272754	
3.21	0.069259475	0.066155969	0.07180951	0.058702124	0.034461342	0.00033105548	0.072451367	
3.22	0.068978593	0.065897216	0.071550113	0.058403806	0.034360541	0.00033005834	0.072175827	
3.23	0.06869837	0.065638964	0.071291221	0.058106637	0.034260335	0.00032906723	0.071900937	
3.24	0.068418825	0.065381231	0.071032853	0.05781063	0.034160719	0.00032808208	0.071626718	
3.25	0.068139976	0.065124038	0.07077503	0.057515796	0.034061688	0.00032710285	0.071353187	
3.26	0.067861842	0.064867402	0.07051777	0.057222147	0.033963235	0.00032612948	0.071080361	
3.27	0.067584439	0.06461134	0.070261091	0.056929692	0.033865357	0.00032516192	0.070808257	
3.28	0.067307783	0.06435587	0.070005011	0.056638442	0.033768049	0.00032420012	0.070536892	
3.29	0.067031892	0.064101009	0.069749546	0.056348406	0.033671304	0.00032324402	0.070266281	
3.3	0.066756779	0.063846772	0.069494713	0.056059593	0.033575118	0.00032229358	0.069996438	
3.31	0.066482461	0.063593174	0.069240528	0.055772012	0.033479486	0.00032134874	0.069727379	
3.32	0.06620895	0.063340231	0.068987005	0.055485669	0.033384404	0.00032040946	0.069459116	
3.33	0.065936261	0.063087956	0.06873416	0.055200572	0.033289867	0.00031947568	0.069191663	
3.34	0.065664407	0.062836363	0.068482006	0.054916729	0.033195869	0.00031854735	0.068925033	
3.35	0.065393399	0.062585465	0.068230556	0.054634145	0.033102406	0.00031762444	0.068659238	
3.36	0.06512325	0.062335275	0.067979824	0.054352827	0.033009474	0.00031670688	0.06839429	
3.37	0.064853972	0.062085806	0.067729822	0.05407278	0.032917067	0.00031579464	0.068130199	
3.38	0.064585575	0.061837068	0.067480562	0.053794009	0.032825183	0.00031488767	0.067866976	
3.39	0.06431807	0.061589073	0.067232055	0.053516518	0.032733815	0.00031398591	0.067604632	
3.4	0.064051467	0.061341832	0.066984313	0.053240313	0.032642959	0.00031308934	0.067343177	
3.41	0.063785776	0.061095355	0.066737346	0.052965398	0.032552612	0.00031219789	0.067082619	
3.42	0.063521005	0.060849652	0.066491164	0.052691775	0.032462769	0.00031131154	0.066822967	
3.43	0.063257163	0.060604733	0.066245777	0.052419448	0.032373425	0.00031043022	0.066564231	
3.44	0.062994259	0.060360606	0.066001195	0.052148419	0.032284576	0.00030955391	0.066306417	
3.45	0.062732301	0.060117281	0.065757425	0.051878693	0.032196219	0.00030868255	0.066049535	
3.46	0.062471296	0.059874766	0.065514477	0.05161027	0.032108349	0.00030781611	0.06579359	
3.47	0.062211251	0.059633068	0.065272358	0.051343152	0.032020962	0.00030695454	0.065538591	
3.48	0.061952173	0.059392196	0.065031077	0.051077342	0.031934054	0.00030609781	0.065284543	
3.49	0.061694068	0.059152156	0.06479064	0.05081284	0.031847621	0.00030524586	0.065031453	
3.5	0.061436943	0.058912956	0.064551055	0.050549648	0.031761659	0.00030439867	0.064779326	
3.51	0.061180803	0.058674602	0.064312329	0.050287766	0.031676164	0.00030355619	0.064528169	
3.52	0.060925653	0.0584371	0.064074467	0.050027195	0.031591133	0.00030271838	0.064277986	
3.53	0.060671499	0.058200456	0.063837476	0.049767935	0.031506561	0.0003018852	0.064028782	
3.54	0.060418346	0.057964676	0.063601362	0.049509986	0.031422445	0.00030105661	0.063780562	
3.55	0.060166197	0.057729765	0.063366129	0.049253349	0.03133878	0.00030023259	0.063533331	
3.56	0.059915057	0.057495729	0.063131783	0.048998021	0.031255565	0.00029941308	0.063287091	
3.57	0.05966493	0.057262571	0.062898329	0.048744004	0.031172794	0.00029859805	0.063041848	
3.58	0.05941582	0.057030297	0.062665771	0.048491295	0.031090464	0.00029778746	0.062797603	
3.59	0.059167729	0.056798911	0.062434114	0.048239894	0.031008571	0.00029698128	0.062554362	
3.6	0.058920661	0.056568416	0.062203362	0.047989799	0.030927113	0.00029617948	0.062312126	
3.61	0.058674619	0.056338817	0.061973517	0.04774101	0.030846085	0.00029538201	0.062070898	
3.62	0.058429605	0.056110117	0.061744584	0.047493523	0.030765485	0.00029458883	0.061830681	
3.63	0.058185621	0.055882318	0.061516566	0.047247338	0.030685308	0.00029379993	0.061591477	
3.64	0.05794267	0.055655425	0.061289467	0.047002453	0.030605551	0.00029301526	0.061353288	
3.65	0.057700754	0.05542944	0.061063287	0.046758864	0.030526211	0.00029223478	0.061116116	
3.66	0.057459873	0.055204364	0.060838032	0.04651657	0.030447285	0.00029145846	0.060879962	
3.67	0.057220031	0.054980202	0.060613701	0.046275568	0.03036877	0.00029068628	0.060644827	
3.68	0.056981227	0.054756955	0.060390299	0.046035856	0.030290661	0.00028991819	0.060410714	
3.69	0.056743463	0.054534624	0.060167826	0.04579743	0.030212957	0.00028915417	0.060177622	
3.7	0.05650674	0.054313212	0.059946284	0.045560288	0.030135653	0.00028839417	0.059945553	
3.71	0.056271058	0.05409272	0.059725676	0.045324427	0.030058747	0.00028763818	0.059714507	
3.72	0.056036418	0.05387315	0.059506001	0.045089843	0.029982236	0.00028688615	0.059484484	
3.73	0.05580282	0.053654502	0.059287262	0.044856533	0.029906116	0.00028613806	0.059255486	
3.74	0.055570264	0.053436778	0.059069459	0.044624493	0.029830385	0.00028539388	0.059027511	
3.75	0.055338751	0.053219979	0.058852594	0.04439372	0.029755039	0.00028465357	0.05880056	
3.76	0.05510828	0.053004105	0.058636666	0.044164211	0.029680076	0.0002839171	0.058574633	
3.77	0.05487885	0.052789157	0.058421677	0.043935961	0.029605492	0.00028318445	0.058349729	
3.78	0.054650462	0.052575135	0.058207626	0.043708966	0.029531285	0.00028245558	0.058125848	
3.79	0.054423114	0.052362039	0.057994514	0.043483222	0.029457452	0.00028173047	0.057902989	
3.8	0.054196806	0.05214987	0.057782341	0.043258726	0.02938399	0.00028100909	0.057681151	
3.81	0.053971536	0.051938627	0.057571107	0.043035473	0.029310896	0.0002802914	0.057460333	
3.82	0.053747305	0.051728311	0.057360811	0.042813459	0.029238167	0.00027957738	0.057240535	
3.83	0.05352411	0.051518921	0.057151453	0.04259268	0.029165801	0.000278867	0.057021754	
3.84	0.053301951	0.051310456	0.056943033	0.04237313	0.029093795	0.00027816023	0.05680399	
3.85	0.053080825	0.051102917	0.05673555	0.042154806	0.029022146	0.00027745705	0.056587241	
3.86	0.052860731	0.050896301	0.056529003	0.041937702	0.028950851	0.00027675743	0.056371506	
3.87	0.052641669	0.05069061	0.056323391	0.041721815	0.028879908	0.00027606133	0.056156783	
3.88	0.052423635	0.050485841	0.056118714	0.041507139	0.028809315	0.00027536874	0.055943071	
3.89	0.052206628	0.050281993	0.05591497	0.04129367	0.028739068	0.00027467963	0.055730366	
3.9	0.051990647	0.050079066	0.055712159	0.041081403	0.028669165	0.00027399397	0.055518668	
3.91	0.051775688	0.049877058	0.055510278	0.040870333	0.028599603	0.00027331173	0.055307975	
3.92	0.05156175	0.049675968	0.055309326	0.040660454	0.02853038	0.0002726329	0.055098284	
3.93	0.051348831	0.049475795	0.055109302	0.040451763	0.028461494	0.00027195743	0.054889592	
3.94	0.051136928	0.049276537	0.054910205	0.040244253	0.028392942	0.00027128532	0.054681899	
3.95	0.050926039	0.049078192	0.054712032	0.04003792	0.028324722	0.00027061652	0.0544752	
3.96	0.050716161	0.048880759	0.054514782	0.039832759	0.02825683	0.00026995103	0.054269495	
3.97	0.050507293	0.048684236	0.054318453	0.039628764	0.028189266	0.00026928881	0.05406478	
3.98	0.05029943	0.048488621	0.054123043	0.03942593	0.028122025	0.00026862985	0.053861052	
3.99	0.050092571	0.048293913	0.05392855	0.039224252	0.028055107	0.0002679741	0.053658309	
4	0.049886712	0.048100108	0.053734972	0.039023725	0.027988508	0.00026732156	0.053456549	
4.01	0.049681851	0.047907206	0.053542307	0.038824343	0.027922227	0.0002666722	0.053255767	
4.02	0.049477985	0.047715204	0.053350553	0.0386261	0.02785626	0.000266026	0.053055962	
4.03	0.04927511	0.047524099	0.053159706	0.038428992	0.027790607	0.00026538292	0.052857131	
4.04	0.049073225	0.04733389	0.052969766	0.038233013	0.027725264	0.00026474296	0.05265927	
4.05	0.048872325	0.047144575	0.052780729	0.038038158	0.027660229	0.00026410609	0.052462376	
4.06	0.048672407	0.04695615	0.052592593	0.037844421	0.027595501	0.00026347227	0.052266446	
4.07	0.048473469	0.046768613	0.052405356	0.037651796	0.027531077	0.00026284151	0.052071478	
4.08	0.048275507	0.046581963	0.052219015	0.037460279	0.027466954	0.00026221376	0.051877467	
4.09	0.048078518	0.046396196	0.052033566	0.037269863	0.027403131	0.00026158901	0.051684411	
4.1	0.047882497	0.046211309	0.051849009	0.037080543	0.027339606	0.00026096724	0.051492306	
4.11	0.047687443	0.0460273	0.051665339	0.036892314	0.027276376	0.00026034842	0.051301149	
4.12	0.047493351	0.045844167	0.051482554	0.036705169	0.027213439	0.00025973254	0.051110936	
4.13	0.047300219	0.045661906	0.051300651	0.036519104	0.027150794	0.00025911957	0.050921664	
4.14	0.047108041	0.045480515	0.051119627	0.036334112	0.027088439	0.0002585095	0.05073333	
4.15	0.046916816	0.045299991	0.05093948	0.036150189	0.02702637	0.0002579023	0.05054593	
4.16	0.046726539	0.045120331	0.050760206	0.035967328	0.026964587	0.00025729795	0.05035946	
4.17	0.046537206	0.044941532	0.050581802	0.035785524	0.026903087	0.00025669644	0.050173917	
4.18	0.046348814	0.044763591	0.050404265	0.035604772	0.026841869	0.00025609773	0.049989297	
4.19	0.04616136	0.044586506	0.050227593	0.035425065	0.026780929	0.00025550182	0.049805597	
4.2	0.045974839	0.044410272	0.050051782	0.035246398	0.026720268	0.00025490868	0.049622813	
4.21	0.045789248	0.044234888	0.049876828	0.035068766	0.026659882	0.0002543183	0.04944094	
4.22	0.045604583	0.044060349	0.049702729	0.034892162	0.02659977	0.00025373065	0.049259977	
4.23	0.04542084	0.043886653	0.049529482	0.034716582	0.026539929	0.00025314571	0.049079918	
4.24	0.045238016	0.043713797	0.049357083	0.034542019	0.026480359	0.00025256347	0.04890076	
4.25	0.045056106	0.043541777	0.049185528	0.034368468	0.026421056	0.00025198391	0.048722499	
4.26	0.044875106	0.043370591	0.049014816	0.034195924	0.02636202	0.00025140701	0.048545131	
4.27	0.044695014	0.043200235	0.048844942	0.03402438	0.026303249	0.00025083275	0.048368653	
4.28	0.044515824	0.043030705	0.048675903	0.033853832	0.02624474	0.00025026111	0.04819306	
4.29	0.044337533	0.042861999	0.048507695	0.033684273	0.026186492	0.00024969208	0.04801835	
4.3	0.044160137	0.042694113	0.048340316	0.033515698	0.026128503	0.00024912564	0.047844517	
4.31	0.043983632	0.042527044	0.048173761	0.033348101	0.026070772	0.00024856176	0.047671558	
4.32	0.043808014	0.042360789	0.048008028	0.033181478	0.026013297	0.00024800043	0.047499469	
4.33	0.043633279	0.042195344	0.047843113	0.033015822	0.025956075	0.00024744164	0.047328247	
4.34	0.043459423	0.042030706	0.047679013	0.032851127	0.025899106	0.00024688537	0.047157886	
4.35	0.043286442	0.041866871	0.047515723	0.032687389	0.025842388	0.0002463316	0.046988384	
4.36	0.043114332	0.041703836	0.047353241	0.032524601	0.025785918	0.00024578031	0.046819736	
4.37	0.042943089	0.041541598	0.047191563	0.032362759	0.025729696	0.00024523149	0.046651939	
4.38	0.042772709	0.041380153	0.047030686	0.032201856	0.02567372	0.00024468511	0.046484988	
4.39	0.042603188	0.041219498	0.046870606	0.032041888	0.025617987	0.00024414117	0.046318879	
4.4	0.042434522	0.041059629	0.046711319	0.031882848	0.025562498	0.00024359965	0.046153609	
4.41	0.042266707	0.040900543	0.046552823	0.031724732	0.025507249	0.00024306053	0.045989174	
4.42	0.042099738	0.040742236	0.046395113	0.031567533	0.025452239	0.0002425238	0.045825568	
4.43	0.041933613	0.040584705	0.046238185	0.031411248	0.025397467	0.00024198943	0.04566279	
4.44	0.041768325	0.040427947	0.046082037	0.031255869	0.025342932	0.00024145742	0.045500834	
4.45	0.041603873	0.040271958	0.045926665	0.031101392	0.025288631	0.00024092775	0.045339696	
4.46	0.041440251	0.040116734	0.045772065	0.030947811	0.025234563	0.00024040039	0.045179373	
4.47	0.041277455	0.039962272	0.045618234	0.030795121	0.025180727	0.00023987535	0.04501986	
4.48	0.041115482	0.039808568	0.045465167	0.030643317	0.025127121	0.0002393526	0.044861154	
4.49	0.040954328	0.03965562	0.045312862	0.030492393	0.025073743	0.00023883212	0.044703251	
4.5	0.040793987	0.039503423	0.045161315	0.030342345	0.025020593	0.00023831391	0.044546146	
4.51	0.040634457	0.039351974	0.045010522	0.030193166	0.024967669	0.00023779795	0.044389835	
4.52	0.040475733	0.039201269	0.04486048	0.030044852	0.024914969	0.00023728421	0.044234315	
4.53	0.040317811	0.039051305	0.044711185	0.029897397	0.024862492	0.0002367727	0.044079582	
4.54	0.040160688	0.038902078	0.044562634	0.029750796	0.024810236	0.00023626339	0.043925631	
4.55	0.040004358	0.038753585	0.044414822	0.029605044	0.0247582	0.00023575627	0.043772459	
4.56	0.039848818	0.038605823	0.044267747	0.029460136	0.024706383	0.00023525133	0.043620062	
4.57	0.039694065	0.038458787	0.044121404	0.029316066	0.024654783	0.00023474854	0.043468435	
4.58	0.039540093	0.038312474	0.043975791	0.02917283	0.024603399	0.00023424791	0.043317575	
4.59	0.039386899	0.038166882	0.043830903	0.029030423	0.02455223	0.00023374941	0.043167478	
4.6	0.039234479	0.038022005	0.043686737	0.028888838	0.024501274	0.00023325303	0.04301814	
4.61	0.039082829	0.037877842	0.043543289	0.028748072	0.024450529	0.00023275875	0.042869556	
4.62	0.038931945	0.037734387	0.043400556	0.02860812	0.024399995	0.00023226657	0.042721724	
4.63	0.038781823	0.037591638	0.043258535	0.028468975	0.024349671	0.00023177647	0.042574639	
4.64	0.038632459	0.037449592	0.043117221	0.028330634	0.024299554	0.00023128844	0.042428296	
4.65	0.038483849	0.037308244	0.042976612	0.028193091	0.024249644	0.00023080246	0.042282693	
4.66	0.038335989	0.037167591	0.042836703	0.028056341	0.024199939	0.00023031852	0.042137826	
4.67	0.038188875	0.03702763	0.042697491	0.02792038	0.024150438	0.00022983661	0.04199369	
4.68	0.038042503	0.036888358	0.042558972	0.027785203	0.02410114	0.00022935671	0.041850281	
4.69	0.037896869	0.03674977	0.042421144	0.027650804	0.024052043	0.00022887882	0.041707597	
4.7	0.037751969	0.036611864	0.042284002	0.027517179	0.024003147	0.00022840291	0.041565632	
4.71	0.0376078	0.036474635	0.042147543	0.027384323	0.02395445	0.00022792898	0.041424383	
4.72	0.037464357	0.036338081	0.042011763	0.027252231	0.023905951	0.00022745702	0.041283846	
4.73	0.037321637	0.036202198	0.041876659	0.027120898	0.023857648	0.00022698701	0.041144018	
4.74	0.037179635	0.036066983	0.041742228	0.026990321	0.023809541	0.00022651895	0.041004895	
4.75	0.037038349	0.035932431	0.041608466	0.026860493	0.023761628	0.00022605281	0.040866472	
4.76	0.036897773	0.035798541	0.041475369	0.02673141	0.023713908	0.00022558859	0.040728746	
4.77	0.036757904	0.035665307	0.041342934	0.026603069	0.02366638	0.00022512627	0.040591713	
4.78	0.036618739	0.035532728	0.041211157	0.026475463	0.023619042	0.00022466584	0.04045537	
4.79	0.036480273	0.035400799	0.041080036	0.026348588	0.023571895	0.0002242073	0.040319713	
4.8	0.036342503	0.035269517	0.040949566	0.026222441	0.023524935	0.00022375063	0.040184737	
4.81	0.036205424	0.035138879	0.040819745	0.026097015	0.023478163	0.00022329582	0.04005044	
4.82	0.036069034	0.035008881	0.040690568	0.025972307	0.023431578	0.00022284285	0.039916818	
4.83	0.035933328	0.034879521	0.040562033	0.025848313	0.023385177	0.00022239172	0.039783866	
4.84	0.035798303	0.034750794	0.040434136	0.025725027	0.02333896	0.00022194242	0.039651582	
4.85	0.035663955	0.034622697	0.040306874	0.025602445	0.023292926	0.00022149492	0.039519961	
4.86	0.03553028	0.034495228	0.040180243	0.025480562	0.023247074	0.00022104924	0.039389	
4.87	0.035397274	0.034368382	0.040054239	0.025359375	0.023201403	0.00022060534	0.039258695	
4.88	0.035264934	0.034242157	0.039928861	0.025238879	0.023155911	0.00022016322	0.039129043	
4.89	0.035133256	0.034116548	0.039804103	0.02511907	0.023110597	0.00021972288	0.03900004	
4.9	0.035002237	0.033991554	0.039679963	0.024999942	0.023065462	0.00021928429	0.038871682	
4.91	0.034871873	0.03386717	0.039556438	0.024881493	0.023020502	0.00021884746	0.038743966	
4.92	0.034742159	0.033743394	0.039433525	0.024763717	0.022975718	0.00021841236	0.038616889	
4.93	0.034613093	0.033620222	0.039311219	0.02464661	0.022931109	0.00021797899	0.038490446	
4.94	0.034484671	0.03349765	0.039189518	0.024530169	0.022886673	0.00021754734	0.038364635	
4.95	0.03435689	0.033375676	0.039068418	0.024414388	0.022842409	0.00021711739	0.038239451	
4.96	0.034229745	0.033254297	0.038947917	0.024299264	0.022798317	0.00021668915	0.038114891	
4.97	0.034103234	0.033133509	0.038828011	0.024184792	0.022754394	0.00021626259	0.037990952	
4.98	0.033977352	0.033013309	0.038708696	0.024070969	0.022710642	0.00021583771	0.037867631	
4.99	0.033852097	0.032893694	0.03858997	0.02395779	0.022667057	0.0002154145	0.037744923	
5	0.033727464	0.032774661	0.038471829	0.02384525	0.02262364	0.00021499294	0.037622825	
5.01	0.033603451	0.032656206	0.038354271	0.023733347	0.02258039	0.00021457303	0.037501335	
5.02	0.033480053	0.032538327	0.038237291	0.023622076	0.022537305	0.00021415477	0.037380448	
5.03	0.033357267	0.032421021	0.038120888	0.023511433	0.022494384	0.00021373813	0.037260161	
5.04	0.033235091	0.032304283	0.038005057	0.023401414	0.022451627	0.00021332311	0.037140471	
5.05	0.03311352	0.032188112	0.037889795	0.023292015	0.022409033	0.0002129097	0.037021374	
5.06	0.032992551	0.032072504	0.037775101	0.023183232	0.022366601	0.00021249789	0.036902868	
5.07	0.03287218	0.031957456	0.037660969	0.023075061	0.022324329	0.00021208767	0.036784948	
5.08	0.032752405	0.031842965	0.037547398	0.022967499	0.022282217	0.00021167903	0.036667611	
5.09	0.032633222	0.031729028	0.037434384	0.02286054	0.022240264	0.00021127197	0.036550855	
5.1	0.032514627	0.031615641	0.037321924	0.022754182	0.022198469	0.00021086647	0.036434676	
5.11	0.032396618	0.031502803	0.037210015	0.022648421	0.022156831	0.00021046253	0.03631907	
5.12	0.03227919	0.03139051	0.037098654	0.022543253	0.02211535	0.00021006013	0.036204035	
5.13	0.032162342	0.031278759	0.036987839	0.022438674	0.022074024	0.00020965927	0.036089566	
5.14	0.032046068	0.031167546	0.036877565	0.02233468	0.022032852	0.00020925993	0.035975662	
5.15	0.031930367	0.03105687	0.03676783	0.022231268	0.021991835	0.00020886212	0.035862318	
5.16	0.031815235	0.030946727	0.036658632	0.022128434	0.021950969	0.00020846582	0.035749532	
5.17	0.031700668	0.030837114	0.036549967	0.022026174	0.021910256	0.00020807101	0.035637301	
5.18	0.031586664	0.030728028	0.036441831	0.021924484	0.021869694	0.00020767771	0.03552562	
5.19	0.031473219	0.030619467	0.036334224	0.021823362	0.021829282	0.00020728589	0.035414488	
5.2	0.03136033	0.030511427	0.03622714	0.021722802	0.02178902	0.00020689554	0.0353039	
5.21	0.031247994	0.030403906	0.036120578	0.021622803	0.021748906	0.00020650666	0.035193855	
5.22	0.031136208	0.030296901	0.036014534	0.02152336	0.02170894	0.00020611925	0.035084348	
5.23	0.031024969	0.030190408	0.035909007	0.021424469	0.021669121	0.00020573328	0.034975378	
5.24	0.030914273	0.030084426	0.035803992	0.021326127	0.021629448	0.00020534876	0.03486694	
5.25	0.030804117	0.029978951	0.035699487	0.021228331	0.02158992	0.00020496567	0.034759031	
5.26	0.030694499	0.02987398	0.035595489	0.021131077	0.021550537	0.00020458402	0.034651649	
5.27	0.030585416	0.029769511	0.035491995	0.021034362	0.021511298	0.00020420378	0.034544791	
5.28	0.030476864	0.029665541	0.035389003	0.020938182	0.021472201	0.00020382495	0.034438454	
5.29	0.03036884	0.029562067	0.03528651	0.020842534	0.021433247	0.00020344753	0.034332634	
5.3	0.030261341	0.029459087	0.035184513	0.020747414	0.021394434	0.0002030715	0.034227329	
5.31	0.030154365	0.029356597	0.035083009	0.02065282	0.021355761	0.00020269686	0.034122536	
5.32	0.030047908	0.029254595	0.034981995	0.020558747	0.021317229	0.0002023236	0.034018252	
5.33	0.029941967	0.029153079	0.03488147	0.020465193	0.021278835	0.00020195172	0.033914474	
5.34	0.02983654	0.029052045	0.034781429	0.020372153	0.02124058	0.0002015812	0.033811199	
5.35	0.029731623	0.028951491	0.034681871	0.020279626	0.021202462	0.00020121204	0.033708424	
5.36	0.029627214	0.028851415	0.034582792	0.020187607	0.021164482	0.00020084423	0.033606146	
5.37	0.029523309	0.028751813	0.03448419	0.020096094	0.021126637	0.00020047776	0.033504364	
5.38	0.029419907	0.028652683	0.034386063	0.020005083	0.021088928	0.00020011262	0.033403072	
5.39	0.029317003	0.028554022	0.034288408	0.01991457	0.021051353	0.00019974882	0.03330227	
5.4	0.029214596	0.028455828	0.034191221	0.019824554	0.021013912	0.00019938634	0.033201954	
5.41	0.029112681	0.028358098	0.034094501	0.01973503	0.020976605	0.00019902517	0.033102122	
5.42	0.029011257	0.02826083	0.033998245	0.019645996	0.020939429	0.0001986653	0.03300277	
5.43	0.028910321	0.028164021	0.03390245	0.019557448	0.020902386	0.00019830674	0.032903896	
5.44	0.02880987	0.028067669	0.033807114	0.019469384	0.020865474	0.00019794947	0.032805497	
5.45	0.028709901	0.02797177	0.033712234	0.0193818	0.020828692	0.00019759349	0.03270757	
5.46	0.028610411	0.027876323	0.033617807	0.019294693	0.02079204	0.00019723878	0.032610114	
5.47	0.028511398	0.027781325	0.033523832	0.01920806	0.020755517	0.00019688535	0.032513124	
5.48	0.028412859	0.027686773	0.033430305	0.019121899	0.020719122	0.00019653318	0.032416599	
5.49	0.028314791	0.027592666	0.033337225	0.019036205	0.020682854	0.00019618227	0.032320535	
5.5	0.028217192	0.027498999	0.033244587	0.018950977	0.020646714	0.00019583261	0.032224931	
5.51	0.028120059	0.027405772	0.033152391	0.018866212	0.0206107	0.00019548419	0.032129783	
5.52	0.028023388	0.027312982	0.033060634	0.018781905	0.020574812	0.00019513701	0.032035089	
5.53	0.027927179	0.027220625	0.032969313	0.018698056	0.020539048	0.00019479107	0.031940846	
5.54	0.027831427	0.027128701	0.032878426	0.01861466	0.020503409	0.00019444635	0.031847052	
5.55	0.027736131	0.027037205	0.03278797	0.018531714	0.020467894	0.00019410285	0.031753704	
5.56	0.027641287	0.026946137	0.032697943	0.018449217	0.020432502	0.00019376056	0.0316608	
5.57	0.027546894	0.026855494	0.032608343	0.018367165	0.020397232	0.00019341947	0.031568337	
5.58	0.027452948	0.026765272	0.032519166	0.018285555	0.020362084	0.00019307959	0.031476313	
5.59	0.027359448	0.026675471	0.032430412	0.018204384	0.020327056	0.0001927409	0.031384725	
5.6	0.02726639	0.026586087	0.032342077	0.01812365	0.02029215	0.00019240339	0.03129357	
5.61	0.027173772	0.026497119	0.03225416	0.01804335	0.020257363	0.00019206707	0.031202846	
5.62	0.027081591	0.026408563	0.032166657	0.017963482	0.020222696	0.00019173192	0.031112552	
5.63	0.026989846	0.026320418	0.032079566	0.017884042	0.020188147	0.00019139793	0.031022683	
5.64	0.026898533	0.026232682	0.031992886	0.017805028	0.020153716	0.00019106511	0.030933238	
5.65	0.02680765	0.026145352	0.031906614	0.017726437	0.020119403	0.00019073345	0.030844215	
5.66	0.026717195	0.026058425	0.031820748	0.017648266	0.020085206	0.00019040293	0.030755611	
5.67	0.026627165	0.025971901	0.031735285	0.017570514	0.020051126	0.00019007356	0.030667423	
5.68	0.026537558	0.025885775	0.031650223	0.017493176	0.020017161	0.00018974533	0.03057965	
5.69	0.026448372	0.025800047	0.03156556	0.017416252	0.019983311	0.00018941823	0.030492288	
5.7	0.026359603	0.025714714	0.031481294	0.017339737	0.019949576	0.00018909225	0.030405337	
5.71	0.02627125	0.025629774	0.031397423	0.01726363	0.019915955	0.0001887674	0.030318792	
5.72	0.026183311	0.025545224	0.031313944	0.017187928	0.019882447	0.00018844366	0.030232653	
5.73	0.026095782	0.025461063	0.031230855	0.017112628	0.019849052	0.00018812103	0.030146916	
5.74	0.026008662	0.025377288	0.031148154	0.017037728	0.019815768	0.0001877995	0.030061579	
5.75	0.025921949	0.025293897	0.031065838	0.016963226	0.019782597	0.00018747907	0.029976641	
5.76	0.025835639	0.025210889	0.030983907	0.016889118	0.019749536	0.00018715973	0.029892098	
5.77	0.025749731	0.02512826	0.030902357	0.016815403	0.019716586	0.00018684148	0.029807949	
5.78	0.025664223	0.02504601	0.030821187	0.016742078	0.019683746	0.00018652431	0.029724192	
5.79	0.025579112	0.024964135	0.030740394	0.016669141	0.019651015	0.00018620821	0.029640823	
5.8	0.025494396	0.024882633	0.030659976	0.016596589	0.019618393	0.00018589319	0.029557842	
5.81	0.025410072	0.024801504	0.030579932	0.016524419	0.01958588	0.00018557923	0.029475246	
5.82	0.02532614	0.024720744	0.030500258	0.01645263	0.019553474	0.00018526632	0.029393032	
5.83	0.025242595	0.024640351	0.030420954	0.016381219	0.019521175	0.00018495448	0.029311198	
5.84	0.025159437	0.024560324	0.030342017	0.016310184	0.019488983	0.00018464367	0.029229743	
5.85	0.025076662	0.02448066	0.030263445	0.016239522	0.019456897	0.00018433392	0.029148664	
5.86	0.02499427	0.024401358	0.030185236	0.016169231	0.019424917	0.0001840252	0.029067959	
5.87	0.024912257	0.024322416	0.030107388	0.016099309	0.019393041	0.00018371751	0.028987626	
5.88	0.024830621	0.024243831	0.030029899	0.016029753	0.019361271	0.00018341085	0.028907663	
5.89	0.024749361	0.024165601	0.029952767	0.015960561	0.019329604	0.00018310521	0.028828067	
5.9	0.024668475	0.024087725	0.02987599	0.015891732	0.019298041	0.00018280059	0.028748838	
5.91	0.024587959	0.024010201	0.029799566	0.015823262	0.019266581	0.00018249699	0.028669971	
5.92	0.024507812	0.023933026	0.029723494	0.015755149	0.019235224	0.00018219439	0.028591467	
5.93	0.024428033	0.023856199	0.02964777	0.015687392	0.019203968	0.00018189279	0.028513322	
5.94	0.024348618	0.023779718	0.029572394	0.015619988	0.019172814	0.00018159218	0.028435535	
5.95	0.024269567	0.023703581	0.029497363	0.015552934	0.019141761	0.00018129258	0.028358103	
5.96	0.024190876	0.023627787	0.029422676	0.01548623	0.019110809	0.00018099395	0.028281025	
5.97	0.024112544	0.023552332	0.029348331	0.015419872	0.019079957	0.00018069631	0.028204298	
5.98	0.024034569	0.023477215	0.029274325	0.015353858	0.019049204	0.00018039965	0.028127921	
5.99	0.023956949	0.023402436	0.029200657	0.015288187	0.01901855	0.00018010396	0.028051891	
6	0.023879682	0.02332799	0.029127325	0.015222856	0.018987995	0.00017980924	0.027976208	
6.01	0.023802765	0.023253878	0.029054328	0.015157863	0.018957539	0.00017951548	0.027900868	
6.02	0.023726198	0.023180097	0.028981662	0.015093207	0.018927179	0.00017922268	0.02782587	
6.03	0.023649977	0.023106644	0.028909328	0.015028884	0.018896917	0.00017893083	0.027751211	
6.04	0.023574102	0.023033519	0.028837322	0.014964893	0.018866752	0.00017863994	0.027676891	
6.05	0.023498569	0.02296072	0.028765643	0.014901232	0.018836683	0.00017834998	0.027602907	
6.06	0.023423378	0.022888245	0.028694289	0.014837899	0.01880671	0.00017806097	0.027529257	
6.07	0.023348526	0.022816091	0.028623258	0.014774892	0.018776832	0.00017777289	0.02745594	
6.08	0.023274012	0.022744258	0.028552549	0.014712209	0.018747049	0.00017748574	0.027382953	
6.09	0.023199833	0.022672743	0.02848216	0.014649848	0.01871736	0.00017719952	0.027310295	
6.1	0.023125988	0.022601546	0.02841209	0.014587807	0.018687766	0.00017691422	0.027237964	
6.11	0.023052475	0.022530663	0.028342335	0.014526084	0.018658265	0.00017662984	0.027165958	
6.12	0.022979291	0.022460093	0.028272895	0.014464676	0.018628857	0.00017634637	0.027094275	
6.13	0.022906436	0.022389836	0.028203768	0.014403583	0.018599541	0.00017606381	0.027022913	
6.14	0.022833907	0.022319888	0.028134953	0.014342803	0.018570318	0.00017578216	0.026951872	
6.15	0.022761703	0.022250248	0.028066446	0.014282332	0.018541187	0.0001755014	0.026881148	
6.16	0.022689821	0.022180915	0.027998248	0.014222171	0.018512147	0.00017522154	0.02681074	
6.17	0.02261826	0.022111888	0.027930356	0.014162315	0.018483198	0.00017494257	0.026740647	
6.18	0.022547019	0.022043163	0.027862769	0.014102765	0.018454339	0.00017466449	0.026670866	
6.19	0.022476095	0.02197474	0.027795484	0.014043517	0.018425571	0.00017438729	0.026601397	
6.2	0.022405486	0.021906617	0.027728501	0.01398457	0.018396892	0.00017411097	0.026532236	
6.21	0.022335192	0.021838792	0.027661817	0.013925923	0.018368302	0.00017383552	0.026463383	
6.22	0.022265209	0.021771264	0.027595431	0.013867573	0.018339801	0.00017356095	0.026394836	
6.23	0.022195538	0.021704031	0.027529342	0.013809519	0.018311389	0.00017328724	0.026326593	
6.24	0.022126174	0.021637092	0.027463548	0.013751758	0.018283064	0.00017301439	0.026258653	
6.25	0.022057118	0.021570445	0.027398046	0.01369429	0.018254828	0.0001727424	0.026191013	
6.26	0.021988368	0.021504088	0.027332837	0.013637112	0.018226678	0.00017247126	0.026123672	
6.27	0.021919921	0.02143802	0.027267917	0.013580223	0.018198615	0.00017220097	0.026056629	
6.28	0.021851775	0.021372239	0.027203286	0.01352362	0.018170638	0.00017193153	0.025989882	
6.29	0.021783931	0.021306744	0.027138942	0.013467302	0.018142748	0.00017166293	0.025923429	
6.3	0.021716385	0.021241533	0.027074883	0.013411268	0.018114943	0.00017139517	0.025857268	
6.31	0.021649136	0.021176605	0.027011108	0.013355516	0.018087223	0.00017112825	0.025791399	
6.32	0.021582182	0.021111958	0.026947615	0.013300043	0.018059588	0.00017086215	0.025725819	
6.33	0.021515523	0.021047591	0.026884404	0.013244849	0.018032037	0.00017059688	0.025660527	
6.34	0.021449155	0.020983501	0.026821471	0.013189932	0.01800457	0.00017033243	0.025595521	
6.35	0.021383079	0.020919689	0.026758816	0.01313529	0.017977187	0.0001700688	0.0255308	
6.36	0.021317291	0.020856151	0.026696438	0.013080921	0.017949887	0.00016980599	0.025466362	
6.37	0.021251791	0.020792887	0.026634335	0.013026823	0.01792267	0.00016954399	0.025402205	
6.38	0.021186576	0.020729896	0.026572504	0.012972996	0.017895536	0.00016928279	0.025338329	
6.39	0.021121646	0.020667175	0.026510946	0.012919437	0.017868483	0.0001690224	0.025274731	
6.4	0.021056999	0.020604723	0.026449658	0.012866146	0.017841512	0.0001687628	0.02521141	
6.41	0.020992633	0.020542539	0.02638864	0.012813119	0.017814623	0.00016850401	0.025148364	
6.42	0.020928547	0.020480622	0.026327889	0.012760357	0.017787815	0.000168246	0.025085593	
6.43	0.020864739	0.02041897	0.026267404	0.012707856	0.017761087	0.00016798879	0.025023094	
6.44	0.020801207	0.020357581	0.026207184	0.012655616	0.01773444	0.00016773236	0.024960866	
6.45	0.020737951	0.020296455	0.026147227	0.012603635	0.017707872	0.00016747671	0.024898908	
6.46	0.020674969	0.020235589	0.026087532	0.012551912	0.017681384	0.00016722184	0.024837218	
6.47	0.020612258	0.020174983	0.026028097	0.012500445	0.017654975	0.00016696775	0.024775794	
6.48	0.020549819	0.020114635	0.025968922	0.012449232	0.017628645	0.00016671442	0.024714636	
6.49	0.020487649	0.020054543	0.025910005	0.012398272	0.017602394	0.00016646187	0.024653742	
6.5	0.020425746	0.019994707	0.025851344	0.012347564	0.017576221	0.00016621007	0.024593109	
6.51	0.02036411	0.019935124	0.025792938	0.012297106	0.017550125	0.00016595904	0.024532738	
6.52	0.020302739	0.019875794	0.025734786	0.012246896	0.017524107	0.00016570877	0.024472627	
6.53	0.020241632	0.019816716	0.025676886	0.012196933	0.017498166	0.00016545925	0.024412773	
6.54	0.020180786	0.019757887	0.025619238	0.012147216	0.017472301	0.00016521048	0.024353176	
6.55	0.020120202	0.019699307	0.025561839	0.012097743	0.017446513	0.00016496245	0.024293835	
6.56	0.020059876	0.019640975	0.025504688	0.012048513	0.017420802	0.00016471517	0.024234747	
6.57	0.019999809	0.019582888	0.025447785	0.011999525	0.017395166	0.00016446863	0.024175912	
6.58	0.019939998	0.019525046	0.025391127	0.011950776	0.017369605	0.00016422283	0.024117329	
6.59	0.019880442	0.019467447	0.025334714	0.011902265	0.017344119	0.00016397776	0.024058995	
6.6	0.01982114	0.019410091	0.025278544	0.011853992	0.017318708	0.00016373342	0.02400091	
6.61	0.01976209	0.019352975	0.025222616	0.011805954	0.017293372	0.00016348981	0.023943072	
6.62	0.019703292	0.019296099	0.025166929	0.011758151	0.017268109	0.00016324692	0.02388548	
6.63	0.019644743	0.019239461	0.025111481	0.011710581	0.01724292	0.00016300475	0.023828133	
6.64	0.019586442	0.019183061	0.025056271	0.011663242	0.017217805	0.0001627633	0.023771029	
6.65	0.019528389	0.019126896	0.025001298	0.011616134	0.017192763	0.00016252257	0.023714167	
6.66	0.019470581	0.019070965	0.024946561	0.011569254	0.017167794	0.00016228254	0.023657546	
6.67	0.019413018	0.019015268	0.024892059	0.011522603	0.017142897	0.00016204322	0.023601164	
6.68	0.019355698	0.018959804	0.024837789	0.011476177	0.017118072	0.00016180461	0.02354502	
6.69	0.01929862	0.01890457	0.024783752	0.011429976	0.017093319	0.0001615667	0.023489114	
6.7	0.019241782	0.018849565	0.024729945	0.011383999	0.017068638	0.00016132949	0.023433442	
6.71	0.019185184	0.01879479	0.024676368	0.011338245	0.017044027	0.00016109297	0.023378006	
6.72	0.019128823	0.018740241	0.02462302	0.011292711	0.017019488	0.00016085715	0.023322802	
6.73	0.0190727	0.018685919	0.024569898	0.011247397	0.016995019	0.00016062201	0.02326783	
6.74	0.019016812	0.018631821	0.024517003	0.011202302	0.016970621	0.00016038756	0.023213089	
6.75	0.018961158	0.018577948	0.024464332	0.011157424	0.016946293	0.0001601538	0.023158577	
6.76	0.018905737	0.018524297	0.024411886	0.011112761	0.016922034	0.00015992071	0.023104294	
6.77	0.018850548	0.018470867	0.024359662	0.011068314	0.016897845	0.00015968831	0.023050238	
6.78	0.018795589	0.018417658	0.024307659	0.01102408	0.016873725	0.00015945658	0.022996407	
6.79	0.01874086	0.018364668	0.024255876	0.010980059	0.016849673	0.00015922551	0.022942801	
6.8	0.018686359	0.018311896	0.024204313	0.010936248	0.01682569	0.00015899512	0.022889419	
6.81	0.018632085	0.018259341	0.024152967	0.010892647	0.016801776	0.00015876539	0.022836259	
6.82	0.018578037	0.018207002	0.024101839	0.010849255	0.016777929	0.00015853633	0.02278332	
6.83	0.018524213	0.018154877	0.024050926	0.010806071	0.01675415	0.00015830793	0.022730601	
6.84	0.018470613	0.018102966	0.024000228	0.010763092	0.016730438	0.00015808018	0.0226781	
6.85	0.018417234	0.018051267	0.023949743	0.010720319	0.016706793	0.00015785309	0.022625818	
6.86	0.018364077	0.017999779	0.023899471	0.010677749	0.016683215	0.00015762665	0.022573752	
6.87	0.01831114	0.017948502	0.02384941	0.010635383	0.016659704	0.00015740085	0.022521901	
6.88	0.018258422	0.017897434	0.023799559	0.010593218	0.016636259	0.00015717571	0.022470264	
6.89	0.018205921	0.017846574	0.023749918	0.010551253	0.016612879	0.0001569512	0.022418841	
6.9	0.018153636	0.017795922	0.023700484	0.010509487	0.016589566	0.00015672734	0.02236763	
6.91	0.018101567	0.017745475	0.023651258	0.01046792	0.016566318	0.00015650412	0.022316629	
6.92	0.018049712	0.017695233	0.023602238	0.01042655	0.016543134	0.00015628153	0.022265839	
6.93	0.01799807	0.017645195	0.023553422	0.010385375	0.016520016	0.00015605957	0.022215257	
6.94	0.01794664	0.017595359	0.023504811	0.010344396	0.016496962	0.00015583824	0.022164882	
6.95	0.017895421	0.017545726	0.023456402	0.01030361	0.016473973	0.00015561754	0.022114714	
6.96	0.017844412	0.017496293	0.023408195	0.010263016	0.016451047	0.00015539746	0.022064752	
6.97	0.017793612	0.01744706	0.023360189	0.010222615	0.016428186	0.000155178	0.022014994	
6.98	0.017743019	0.017398025	0.023312383	0.010182403	0.016405387	0.00015495917	0.02196544	
6.99	0.017692633	0.017349188	0.023264775	0.010142381	0.016382652	0.00015474095	0.021916087	
7	0.017642452	0.017300548	0.023217366	0.010102547	0.01635998	0.00015452334	0.021866936	
7.01	0.017592475	0.017252104	0.023170153	0.0100629	0.016337371	0.00015430634	0.021817986	
7.02	0.017542702	0.017203854	0.023123135	0.01002344	0.016314824	0.00015408996	0.021769234	
7.03	0.017493131	0.017155798	0.023076313	0.0099841641	0.016292339	0.00015387417	0.021720681	
7.04	0.017443762	0.017107935	0.023029684	0.0099450727	0.016269916	0.000153659	0.021672324	
7.05	0.017394592	0.017060263	0.022983248	0.0099061642	0.016247555	0.00015344442	0.021624164	
7.06	0.017345622	0.017012782	0.022937004	0.0098674377	0.016225256	0.00015323044	0.021576199	
7.07	0.01729685	0.016965491	0.022890951	0.0098288922	0.016203017	0.00015301706	0.021528428	
7.08	0.017248275	0.016918388	0.022845088	0.0097905266	0.016180839	0.00015280427	0.02148085	
7.09	0.017199896	0.016871474	0.022799413	0.00975234	0.016158722	0.00015259207	0.021433464	
7.1	0.017151713	0.016824746	0.022753927	0.0097143313	0.016136666	0.00015238046	0.021386269	
7.11	0.017103723	0.016778205	0.022708628	0.0096764995	0.016114669	0.00015216943	0.021339264	
7.12	0.017055927	0.016731848	0.022663515	0.0096388437	0.016092733	0.00015195899	0.021292449	
7.13	0.017008323	0.016685675	0.022618587	0.0096013628	0.016070856	0.00015174914	0.021245822	
7.14	0.01696091	0.016639686	0.022573843	0.0095640559	0.016049038	0.00015153985	0.021199382	
7.15	0.016913687	0.016593879	0.022529282	0.0095269221	0.01602728	0.00015133115	0.021153128	
7.16	0.016866653	0.016548253	0.022484904	0.0094899603	0.016005581	0.00015112302	0.021107059	
7.17	0.016819808	0.016502808	0.022440708	0.0094531696	0.01598394	0.00015091546	0.021061175	
7.18	0.01677315	0.016457542	0.022396692	0.009416549	0.015962358	0.00015070847	0.021015475	
7.19	0.016726678	0.016412455	0.022352856	0.0093800976	0.015940834	0.00015050205	0.020969957	
7.2	0.016680392	0.016367545	0.022309198	0.0093438145	0.015919368	0.00015029619	0.02092462	
7.21	0.01663429	0.016322812	0.022265719	0.0093076987	0.01589796	0.0001500909	0.020879464	
7.22	0.016588371	0.016278255	0.022222417	0.0092717494	0.015876609	0.00014988616	0.020834488	
7.23	0.016542636	0.016233874	0.02217929	0.0092359655	0.015855316	0.00014968198	0.020789691	
7.24	0.016497082	0.016189666	0.022136339	0.0092003461	0.015834079	0.00014947836	0.020745071	
7.25	0.016451708	0.016145632	0.022093563	0.0091648905	0.0158129	0.00014927529	0.020700629	
7.26	0.016406515	0.01610177	0.02205096	0.0091295975	0.015791777	0.00014907277	0.020656363	
7.27	0.0163615	0.01605808	0.022008529	0.0090944665	0.01577071	0.00014887081	0.020612272	
7.28	0.016316663	0.01601456	0.021966271	0.0090594964	0.0157497	0.00014866938	0.020568355	
7.29	0.016272004	0.015971211	0.021924183	0.0090246863	0.015728746	0.0001484685	0.020524612	
7.3	0.01622752	0.01592803	0.021882266	0.0089900355	0.015707847	0.00014826817	0.020481041	
7.31	0.016183213	0.015885018	0.021840518	0.008955543	0.015687004	0.00014806837	0.020437642	
7.32	0.016139079	0.015842173	0.021798938	0.008921208	0.015666216	0.00014786911	0.020394414	
7.33	0.016095119	0.015799494	0.021757527	0.0088870295	0.015645483	0.00014767039	0.020351356	
7.34	0.016051332	0.015756981	0.021716281	0.0088530068	0.015624805	0.0001474722	0.020308467	
7.35	0.016007717	0.015714633	0.021675202	0.0088191389	0.015604181	0.00014727454	0.020265747	
7.36	0.015964272	0.01567245	0.021634288	0.0087854251	0.015583612	0.00014707741	0.020223194	
7.37	0.015920998	0.015630429	0.021593539	0.0087518645	0.015563097	0.0001468808	0.020180807	
7.38	0.015877893	0.015588571	0.021552953	0.0087184562	0.015542636	0.00014668473	0.020138587	
7.39	0.015834957	0.015546875	0.02151253	0.0086851995	0.015522229	0.00014648917	0.020096531	
7.4	0.015792188	0.015505339	0.021472269	0.0086520935	0.015501875	0.00014629414	0.02005464	
7.41	0.015749585	0.015463964	0.021432169	0.0086191373	0.015481575	0.00014609962	0.020012911	
7.42	0.015707149	0.015422748	0.021392229	0.0085863302	0.015461328	0.00014590562	0.019971346	
7.43	0.015664878	0.01538169	0.021352449	0.0085536713	0.015441133	0.00014571213	0.019929942	
7.44	0.015622771	0.01534079	0.021312828	0.0085211599	0.015420992	0.00014551916	0.019888699	
7.45	0.015580828	0.015300047	0.021273365	0.0084887952	0.015400903	0.0001453267	0.019847616	
7.46	0.015539047	0.01525946	0.02123406	0.0084565763	0.015380866	0.00014513474	0.019806692	
7.47	0.015497428	0.015219029	0.02119491	0.0084245025	0.015360881	0.0001449433	0.019765927	
7.48	0.01545597	0.015178752	0.021155917	0.0083925729	0.015340948	0.00014475235	0.019725319	
7.49	0.015414673	0.015138629	0.021117079	0.0083607868	0.015321067	0.00014456191	0.019684869	
7.5	0.015373535	0.01509866	0.021078395	0.0083291435	0.015301237	0.00014437197	0.019644574	
7.51	0.015332555	0.015058843	0.021039864	0.0082976421	0.015281459	0.00014418253	0.019604436	
7.52	0.015291734	0.015019177	0.021001487	0.008266282	0.015261731	0.00014399358	0.019564451	
7.53	0.015251069	0.014979662	0.020963261	0.0082350622	0.015242055	0.00014380513	0.019524621	
7.54	0.015210561	0.014940298	0.020925187	0.0082039821	0.015222429	0.00014361717	0.019484943	
7.55	0.015170208	0.014901083	0.020887263	0.008173041	0.015202854	0.0001434297	0.019445419	
7.56	0.015130011	0.014862017	0.020849489	0.008142238	0.015183329	0.00014324272	0.019406045	
7.57	0.015089967	0.014823099	0.020811865	0.0081115724	0.015163854	0.00014305623	0.019366823	
7.58	0.015050076	0.014784328	0.020774389	0.0080810436	0.015144429	0.00014287022	0.01932775	
7.59	0.015010338	0.014745703	0.02073706	0.0080506507	0.015125053	0.0001426847	0.019288827	
7.6	0.014970752	0.014707225	0.020699879	0.0080203931	0.015105728	0.00014249965	0.019250053	
7.61	0.014931317	0.014668892	0.020662844	0.00799027	0.015086451	0.00014231509	0.019211427	
7.62	0.014892032	0.014630703	0.020625954	0.0079602807	0.015067224	0.000142131	0.019172947	
7.63	0.014852897	0.014592658	0.02058921	0.0079304244	0.015048046	0.00014194739	0.019134615	
7.64	0.014813911	0.014554756	0.02055261	0.0079007006	0.015028916	0.00014176425	0.019096428	
7.65	0.014775073	0.014516997	0.020516153	0.0078711084	0.015009835	0.00014158158	0.019058386	
7.66	0.014736382	0.014479379	0.020479839	0.0078416472	0.014990802	0.00014139939	0.019020488	
7.67	0.014697837	0.014441902	0.020443667	0.0078123162	0.014971818	0.00014121766	0.018982734	
7.68	0.014659439	0.014404566	0.020407637	0.0077831149	0.014952882	0.0001410364	0.018945124	
7.69	0.014621186	0.014367369	0.020371748	0.0077540424	0.014933993	0.0001408556	0.018907655	
7.7	0.014583078	0.014330311	0.020335999	0.0077250981	0.014915153	0.00014067527	0.018870328	
7.71	0.014545113	0.014293392	0.020300389	0.0076962814	0.014896359	0.00014049539	0.018833142	
7.72	0.014507292	0.01425661	0.020264918	0.0076675916	0.014877613	0.00014031598	0.018796096	
7.73	0.014469613	0.014219965	0.020229586	0.0076390279	0.014858914	0.00014013702	0.018759189	
7.74	0.014432076	0.014183457	0.02019439	0.0076105897	0.014840263	0.00013995852	0.018722421	
7.75	0.01439468	0.014147084	0.020159332	0.0075822764	0.014821657	0.00013978048	0.018685792	
7.76	0.014357424	0.014110847	0.02012441	0.0075540873	0.014803099	0.00013960288	0.0186493	
7.77	0.014320308	0.014074744	0.020089624	0.0075260218	0.014784587	0.00013942574	0.018612945	
7.78	0.014283331	0.014038775	0.020054973	0.0074980791	0.014766121	0.00013924905	0.018576726	
7.79	0.014246492	0.014002938	0.020020456	0.0074702587	0.014747701	0.0001390728	0.018540643	
7.8	0.014209792	0.013967235	0.019986072	0.0074425599	0.014729327	0.000138897	0.018504694	
7.81	0.014173228	0.013931663	0.019951822	0.0074149821	0.014710999	0.00013872164	0.01846888	
7.82	0.014136801	0.013896223	0.019917704	0.0073875246	0.014692717	0.00013854672	0.018433199	
7.83	0.014100509	0.013860913	0.019883718	0.0073601868	0.01467448	0.00013837225	0.018397651	
7.84	0.014064352	0.013825733	0.019849864	0.007332968	0.014656288	0.00013819821	0.018362236	
7.85	0.01402833	0.013790683	0.019816139	0.0073058678	0.014638141	0.00013802461	0.018326952	
7.86	0.013992442	0.013755761	0.019782545	0.0072788854	0.014620039	0.00013785145	0.0182918	
7.87	0.013956687	0.013720968	0.01974908	0.0072520201	0.014601982	0.00013767872	0.018256777	
7.88	0.013921065	0.013686302	0.019715744	0.0072252716	0.014583969	0.00013750642	0.018221885	
7.89	0.013885574	0.013651763	0.019682537	0.007198639	0.014566001	0.00013733455	0.018187122	
7.9	0.013850215	0.013617351	0.019649456	0.0071721218	0.014548076	0.00013716312	0.018152487	
7.91	0.013814986	0.013583064	0.019616503	0.0071457194	0.014530196	0.0001369921	0.01811798	
7.92	0.013779887	0.013548903	0.019583676	0.0071194312	0.01451236	0.00013682152	0.018083601	
7.93	0.013744918	0.013514866	0.019550975	0.0070932566	0.014494568	0.00013665136	0.018049348	
7.94	0.013710078	0.013480954	0.0195184	0.007067195	0.014476819	0.00013648162	0.018015222	
7.95	0.013675365	0.013447164	0.019485949	0.0070412459	0.014459114	0.0001363123	0.017981221	
7.96	0.013640781	0.013413498	0.019453622	0.0070154086	0.014441452	0.00013614341	0.017947345	
7.97	0.013606323	0.013379954	0.019421418	0.0069896826	0.014423833	0.00013597493	0.017913593	
7.98	0.013571992	0.013346532	0.019389338	0.0069640673	0.014406257	0.00013580686	0.017879965	
7.99	0.013537786	0.013313231	0.019357379	0.0069385621	0.014388724	0.00013563922	0.01784646	
8	0.013503706	0.01328005	0.019325543	0.0069131664	0.014371233	0.00013547198	0.017813078	
8.01	0.01346975	0.01324699	0.019293828	0.0068878798	0.014353785	0.00013530516	0.017779818	
8.02	0.013435919	0.013214049	0.019262234	0.0068627016	0.014336379	0.00013513874	0.01774668	
8.03	0.01340221	0.013181226	0.019230759	0.0068376313	0.014319015	0.00013497274	0.017713662	
8.04	0.013368625	0.013148523	0.019199405	0.0068126683	0.014301694	0.00013480714	0.017680764	
8.05	0.013335162	0.013115937	0.019168169	0.006787812	0.014284414	0.00013464195	0.017647987	
8.06	0.01330182	0.013083468	0.019137052	0.006763062	0.014267176	0.00013447716	0.017615328	
8.07	0.0132686	0.013051116	0.019106053	0.0067384177	0.014249979	0.00013431278	0.017582788	
8.08	0.0132355	0.013018881	0.019075171	0.0067138785	0.014232824	0.0001341488	0.017550367	
8.09	0.01320252	0.012986761	0.019044406	0.0066894439	0.01421571	0.00013398521	0.017518062	
8.1	0.01316966	0.012954756	0.019013758	0.0066651134	0.014198638	0.00013382203	0.017485875	
8.11	0.013136919	0.012922865	0.018983225	0.0066408863	0.014181606	0.00013365924	0.017453804	
8.12	0.013104296	0.012891089	0.018952808	0.0066167623	0.014164615	0.00013349685	0.017421849	
8.13	0.01307179	0.012859427	0.018922505	0.0065927408	0.014147665	0.00013333485	0.01739001	
8.14	0.013039402	0.012827877	0.018892317	0.0065688212	0.014130755	0.00013317325	0.017358285	
8.15	0.013007131	0.01279644	0.018862242	0.0065450031	0.014113886	0.00013301203	0.017326674	
8.16	0.012974976	0.012765114	0.018832281	0.0065212859	0.014097057	0.00013285121	0.017295178	
8.17	0.012942936	0.012733901	0.018802432	0.0064976691	0.014080268	0.00013269077	0.017263794	
8.18	0.012911011	0.012702798	0.018772695	0.0064741522	0.014063518	0.00013253072	0.017232523	
8.19	0.012879201	0.012671806	0.018743071	0.0064507347	0.014046809	0.00013237106	0.017201364	
8.2	0.012847505	0.012640923	0.018713557	0.0064274161	0.01403014	0.00013221178	0.017170317	
8.21	0.012815923	0.01261015	0.018684154	0.0064041959	0.014013509	0.00013205288	0.017139381	
8.22	0.012784453	0.012579486	0.018654861	0.0063810735	0.013996919	0.00013189437	0.017108556	
8.23	0.012753096	0.012548931	0.018625678	0.0063580486	0.013980367	0.00013173623	0.017077841	
8.24	0.012721851	0.012518483	0.018596605	0.0063351205	0.013963855	0.00013157847	0.017047235	
8.25	0.012690717	0.012488143	0.018567639	0.0063122889	0.013947381	0.00013142109	0.017016739	
8.26	0.012659694	0.01245791	0.018538783	0.0062895532	0.013930947	0.00013126409	0.016986351	
8.27	0.012628781	0.012427783	0.018510033	0.006266913	0.013914551	0.00013110746	0.016956071	
8.28	0.012597978	0.012397762	0.018481392	0.0062443677	0.013898194	0.00013095121	0.016925899	
8.29	0.012567285	0.012367847	0.018452856	0.006221917	0.013881875	0.00013079532	0.016895834	
8.3	0.0125367	0.012338037	0.018424428	0.0061995602	0.013865594	0.00013063981	0.016865875	
8.31	0.012506224	0.012308331	0.018396105	0.006177297	0.013849352	0.00013048467	0.016836023	
8.32	0.012475856	0.01227873	0.018367887	0.0061551268	0.013833147	0.00013032989	0.016806276	
8.33	0.012445595	0.012249232	0.018339774	0.0061330493	0.013816981	0.00013017548	0.016776634	
8.34	0.012415441	0.012219837	0.018311766	0.0061110639	0.013800852	0.00013002144	0.016747098	
8.35	0.012385393	0.012190545	0.018283862	0.0060891702	0.01378476	0.00012986776	0.016717665	
8.36	0.012355452	0.012161355	0.018256061	0.0060673677	0.013768707	0.00012971444	0.016688336	
8.37	0.012325615	0.012132267	0.018228363	0.006045656	0.01375269	0.00012956148	0.01665911	
8.38	0.012295884	0.01210328	0.018200768	0.0060240346	0.013736711	0.00012940889	0.016629987	
8.39	0.012266257	0.012074394	0.018173274	0.0060025031	0.013720769	0.00012925665	0.016600967	
8.4	0.012236734	0.012045609	0.018145883	0.005981061	0.013704864	0.00012910477	0.016572048	
8.41	0.012207315	0.012016923	0.018118593	0.0059597079	0.013688996	0.00012895325	0.01654323	
8.42	0.012177998	0.011988337	0.018091403	0.0059384434	0.013673164	0.00012880208	0.016514514	
8.43	0.012148785	0.01195985	0.018064314	0.0059172669	0.013657369	0.00012865127	0.016485898	
8.44	0.012119673	0.011931462	0.018037325	0.0058961781	0.013641611	0.00012850081	0.016457382	
8.45	0.012090663	0.011903171	0.018010435	0.0058751765	0.013625888	0.0001283507	0.016428965	
8.46	0.012061755	0.011874979	0.017983645	0.0058542617	0.013610202	0.00012820094	0.016400648	
8.47	0.012032947	0.011846884	0.017956952	0.0058334333	0.013594552	0.00012805153	0.01637243	
8.48	0.012004239	0.011818885	0.017930358	0.0058126908	0.013578938	0.00012790247	0.016344309	
8.49	0.011975631	0.011790983	0.017903862	0.0057920338	0.01356336	0.00012775375	0.016316286	
8.5	0.011947123	0.011763177	0.017877463	0.0057714619	0.013547818	0.00012760538	0.016288361	
8.51	0.011918713	0.011735467	0.017851161	0.0057509747	0.013532311	0.00012745736	0.016260533	
8.52	0.011890402	0.011707852	0.017824955	0.0057305717	0.013516839	0.00012730967	0.016232801	
8.53	0.011862189	0.011680331	0.017798846	0.0057102526	0.013501403	0.00012716233	0.016205165	
8.54	0.011834074	0.011652905	0.017772832	0.0056900169	0.013486003	0.00012701533	0.016177625	
8.55	0.011806056	0.011625572	0.017746913	0.0056698643	0.013470637	0.00012686867	0.01615018	
8.56	0.011778135	0.011598334	0.017721089	0.0056497942	0.013455306	0.00012672235	0.016122829	
8.57	0.01175031	0.011571188	0.017695359	0.0056298064	0.01344001	0.00012657636	0.016095573	
8.58	0.01172258	0.011544135	0.017669723	0.0056099003	0.013424749	0.00012643071	0.016068411	
8.59	0.011694947	0.011517174	0.017644181	0.0055900757	0.013409522	0.0001262854	0.016041342	
8.6	0.011667408	0.011490305	0.017618732	0.0055703321	0.01339433	0.00012614041	0.016014367	
8.61	0.011639964	0.011463527	0.017593376	0.0055506691	0.013379173	0.00012599576	0.015987484	
8.62	0.011612614	0.01143684	0.017568112	0.0055310863	0.013364049	0.00012585145	0.015960693	
8.63	0.011585358	0.011410244	0.01754294	0.0055115833	0.01334896	0.00012570746	0.015933994	
8.64	0.011558195	0.011383738	0.01751786	0.0054921598	0.013333905	0.0001255638	0.015907387	
8.65	0.011531126	0.011357322	0.01749287	0.0054728153	0.013318883	0.00012542047	0.015880871	
8.66	0.011504148	0.011330996	0.017467972	0.0054535495	0.013303896	0.00012527746	0.015854445	
8.67	0.011477263	0.011304758	0.017443164	0.0054343619	0.013288942	0.00012513479	0.015828109	
8.68	0.01145047	0.01127861	0.017418445	0.0054152523	0.013274022	0.00012499243	0.015801864	
8.69	0.011423768	0.011252549	0.017393817	0.0053962202	0.013259135	0.0001248504	0.015775707	
8.7	0.011397157	0.011226576	0.017369277	0.0053772653	0.013244282	0.00012470869	0.01574964	
8.71	0.011370636	0.011200691	0.017344827	0.0053583871	0.013229462	0.0001245673	0.015723661	
8.72	0.011344205	0.011174893	0.017320465	0.0053395853	0.013214675	0.00012442624	0.015697771	
8.73	0.011317864	0.011149182	0.017296191	0.0053208596	0.013199921	0.00012428549	0.015671968	
8.74	0.011291613	0.011123556	0.017272004	0.0053022095	0.0131852	0.00012414506	0.015646253	
8.75	0.01126545	0.011098017	0.017247905	0.0052836348	0.013170511	0.00012400495	0.015620625	
8.76	0.011239376	0.011072564	0.017223893	0.005265135	0.013155856	0.00012386515	0.015595084	
8.77	0.01121339	0.011047196	0.017199968	0.0052467097	0.013141233	0.00012372567	0.015569629	
8.78	0.011187492	0.011021913	0.017176128	0.0052283587	0.013126642	0.0001235865	0.01554426	
8.79	0.011161681	0.010996714	0.017152375	0.0052100816	0.013112084	0.00012344764	0.015518976	
8.8	0.011135957	0.010971599	0.017128707	0.0051918779	0.013097558	0.0001233091	0.015493778	
8.81	0.01111032	0.010946568	0.017105124	0.0051737474	0.013083064	0.00012317086	0.015468665	
8.82	0.011084769	0.010921621	0.017081626	0.0051556898	0.013068603	0.00012303294	0.015443636	
8.83	0.011059304	0.010896756	0.017058212	0.0051377046	0.013054173	0.00012289532	0.015418691	
8.84	0.011033924	0.010871974	0.017034883	0.0051197914	0.013039775	0.00012275802	0.015393829	
8.85	0.011008629	0.010847275	0.017011637	0.0051019501	0.013025409	0.00012262101	0.015369051	
8.86	0.010983419	0.010822657	0.016988474	0.0050841802	0.013011074	0.00012248432	0.015344357	
8.87	0.010958294	0.010798121	0.016965394	0.0050664813	0.012996771	0.00012234792	0.015319744	
8.88	0.010933253	0.010773667	0.016942397	0.0050488532	0.012982499	0.00012221183	0.015295214	
8.89	0.010908295	0.010749293	0.016919483	0.0050312956	0.012968259	0.00012207605	0.015270766	
8.9	0.01088342	0.010725	0.01689665	0.0050138079	0.01295405	0.00012194056	0.0152464	
8.91	0.010858628	0.010700787	0.016873899	0.00499639	0.012939872	0.00012180538	0.015222114	
8.92	0.010833919	0.010676654	0.016851229	0.0049790416	0.012925725	0.00012167049	0.01519791	
8.93	0.010809292	0.010652601	0.01682864	0.0049617622	0.012911608	0.0001215359	0.015173786	
8.94	0.010784747	0.010628627	0.016806131	0.0049445515	0.012897523	0.00012140161	0.015149742	
8.95	0.010760284	0.010604731	0.016783703	0.0049274093	0.012883468	0.00012126762	0.015125778	
8.96	0.010735902	0.010580914	0.016761355	0.0049103351	0.012869444	0.00012113392	0.015101893	
8.97	0.0107116	0.010557176	0.016739086	0.0048933288	0.012855451	0.00012100052	0.015078088	
8.98	0.010687379	0.010533515	0.016716896	0.0048763898	0.012841488	0.00012086741	0.015054361	
8.99	0.010663238	0.010509932	0.016694786	0.0048595181	0.012827555	0.00012073459	0.015030713	
9	0.010639176	0.010486426	0.016672754	0.0048427131	0.012813652	0.00012060206	0.015007143	
9.01	0.010615194	0.010462997	0.0166508	0.0048259746	0.012799779	0.00012046983	0.01498365	
9.02	0.010591292	0.010439644	0.016628924	0.0048093024	0.012785937	0.00012033788	0.014960236	
9.03	0.010567467	0.010416368	0.016607126	0.004792696	0.012772124	0.00012020622	0.014936898	
9.04	0.010543722	0.010393167	0.016585405	0.0047761552	0.012758341	0.00012007485	0.014913637	
9.05	0.010520054	0.010370042	0.016563761	0.0047596796	0.012744588	0.00011994377	0.014890452	
9.06	0.010496464	0.010346993	0.016542194	0.004743269	0.012730865	0.00011981297	0.014867344	
9.07	0.010472952	0.010324018	0.016520703	0.004726923	0.012717171	0.00011968246	0.014844311	
9.08	0.010449516	0.010301118	0.016499288	0.0047106414	0.012703506	0.00011955223	0.014821354	
9.09	0.010426158	0.010278292	0.016477949	0.0046944239	0.012689871	0.00011942229	0.014798472	
9.1	0.010402875	0.01025554	0.016456685	0.00467827	0.012676265	0.00011929262	0.014775665	
9.11	0.010379669	0.010232862	0.016435496	0.0046621796	0.012662688	0.00011916324	0.014752932	
9.12	0.010356539	0.010210257	0.016414382	0.0046461524	0.01264914	0.00011903414	0.014730273	
9.13	0.010333484	0.010187726	0.016393342	0.004630188	0.012635622	0.00011890532	0.014707689	
9.14	0.010310504	0.010165267	0.016372377	0.0046142862	0.012622132	0.00011877677	0.014685178	
9.15	0.010287599	0.01014288	0.016351485	0.0045984467	0.01260867	0.00011864851	0.01466274	
9.16	0.010264768	0.010120566	0.016330667	0.0045826691	0.012595238	0.00011852052	0.014640375	
9.17	0.010242012	0.010098324	0.016309923	0.0045669532	0.012581834	0.0001183928	0.014618083	
9.18	0.010219329	0.010076153	0.016289251	0.0045512987	0.012568459	0.00011826536	0.014595863	
9.19	0.01019672	0.010054053	0.016268652	0.0045357054	0.012555112	0.0001181382	0.014573715	
9.2	0.010174184	0.010032025	0.016248125	0.0045201729	0.012541793	0.00011801131	0.014551639	
9.21	0.010151721	0.010010066	0.01622767	0.0045047009	0.012528502	0.00011788469	0.014529634	
9.22	0.010129331	0.0099881788	0.016207287	0.0044892892	0.01251524	0.00011775834	0.014507701	
9.23	0.010107013	0.0099663612	0.016186976	0.0044739375	0.012502006	0.00011763226	0.014485838	
9.24	0.010084768	0.0099446134	0.016166736	0.0044586455	0.0124888	0.00011750645	0.014464046	
9.25	0.010062593	0.0099229351	0.016146566	0.0044434129	0.012475621	0.00011738091	0.014442324	
9.26	0.010040491	0.0099013259	0.016126468	0.0044282395	0.01246247	0.00011725564	0.014420672	
9.27	0.010018459	0.0098797857	0.016106439	0.0044131251	0.012449347	0.00011713064	0.014399089	
9.28	0.0099964981	0.0098583141	0.016086481	0.0043980692	0.012436252	0.0001170059	0.014377576	
9.29	0.0099746078	0.0098369109	0.016066592	0.0043830717	0.012423184	0.00011688142	0.014356132	
9.3	0.0099527877	0.0098155757	0.016046773	0.0043681322	0.012410144	0.00011675721	0.014334757	
9.31	0.0099310375	0.0097943082	0.016027023	0.0043532506	0.012397131	0.00011663327	0.01431345	
9.32	0.009909357	0.0097731083	0.016007342	0.0043384265	0.012384145	0.00011650959	0.014292212	
9.33	0.0098877458	0.0097519756	0.01598773	0.0043236597	0.012371186	0.00011638617	0.014271041	
9.34	0.0098662037	0.0097309098	0.015968186	0.0043089499	0.012358255	0.00011626301	0.014249938	
9.35	0.0098447304	0.0097099107	0.01594871	0.0042942969	0.01234535	0.00011614011	0.014228902	
9.36	0.0098233255	0.009688978	0.015929302	0.0042797004	0.012332473	0.00011601747	0.014207934	
9.37	0.0098019889	0.0096681114	0.015909962	0.0042651601	0.012319622	0.00011589509	0.014187032	
9.38	0.0097807202	0.0096473107	0.015890688	0.0042506758	0.012306798	0.00011577297	0.014166197	
9.39	0.0097595191	0.0096265755	0.015871482	0.0042362473	0.012294	0.0001156511	0.014145428	
9.4	0.0097383853	0.0096059057	0.015852343	0.0042218742	0.01228123	0.00011552949	0.014124725	
9.41	0.0097173187	0.0095853009	0.01583327	0.0042075563	0.012268485	0.00011540814	0.014104087	
9.42	0.0096963188	0.0095647608	0.015814263	0.0041932935	0.012255768	0.00011528704	0.014083515	
9.43	0.0096753855	0.0095442853	0.015795322	0.0041790853	0.012243076	0.00011516619	0.014063008	
9.44	0.0096545184	0.009523874	0.015776447	0.0041649316	0.012230411	0.0001150456	0.014042567	
9.45	0.0096337174	0.0095035267	0.015757637	0.0041508321	0.012217772	0.00011492526	0.014022189	
9.46	0.009612982	0.0094832431	0.015738893	0.0041367866	0.012205159	0.00011480517	0.014001876	
9.47	0.009592312	0.0094630229	0.015720213	0.0041227948	0.012192572	0.00011468533	0.013981627	
9.48	0.0095717073	0.009442866	0.015701598	0.0041088565	0.012180011	0.00011456574	0.013961442	
9.49	0.0095511674	0.009422772	0.015683048	0.0040949715	0.012167476	0.0001144464	0.013941321	
9.5	0.0095306921	0.0094027408	0.015664561	0.0040811395	0.012154966	0.00011432731	0.013921263	
9.51	0.0095102813	0.0093827719	0.015646139	0.0040673602	0.012142482	0.00011420847	0.013901268	
9.52	0.0094899345	0.0093628652	0.01562778	0.0040536335	0.012130024	0.00011408987	0.013881335	
9.53	0.0094696516	0.0093430205	0.015609484	0.004039959	0.012117592	0.00011397152	0.013861465	
9.54	0.0094494323	0.0093232374	0.015591252	0.0040263366	0.012105185	0.00011385341	0.013841658	
9.55	0.0094292763	0.0093035158	0.015573082	0.004012766	0.012092803	0.00011373555	0.013821912	
9.56	0.0094091833	0.0092838553	0.015554975	0.003999247	0.012080447	0.00011361793	0.013802228	
9.57	0.0093891532	0.0092642558	0.015536931	0.0039857794	0.012068115	0.00011350056	0.013782606	
9.58	0.0093691856	0.009244717	0.015518948	0.0039723629	0.012055809	0.00011338343	0.013763045	
9.59	0.0093492803	0.0092252386	0.015501028	0.0039589972	0.012043528	0.00011326654	0.013743545	
9.6	0.0093294371	0.0092058204	0.015483169	0.0039456823	0.012031272	0.00011314989	0.013724106	
9.61	0.0093096556	0.0091864622	0.015465372	0.0039324177	0.012019041	0.00011303348	0.013704727	
9.62	0.0092899357	0.0091671637	0.015447636	0.0039192034	0.012006835	0.0001129173	0.013685409	
9.63	0.0092702771	0.0091479246	0.01542996	0.0039060391	0.011994654	0.00011280137	0.01366615	
9.64	0.0092506795	0.0091287448	0.015412346	0.0038929245	0.011982497	0.00011268568	0.013646951	
9.65	0.0092311427	0.009109624	0.015394792	0.0038798595	0.011970365	0.00011257022	0.013627812	
9.66	0.0092116665	0.009090562	0.015377298	0.0038668438	0.011958257	0.000112455	0.013608732	
9.67	0.0091922506	0.0090715585	0.015359864	0.0038538771	0.011946174	0.00011234001	0.013589712	
9.68	0.0091728947	0.0090526133	0.01534249	0.0038409594	0.011934115	0.00011222526	0.01357075	
9.69	0.0091535987	0.0090337261	0.015325176	0.0038280903	0.011922081	0.00011211074	0.013551846	
9.7	0.0091343622	0.0090148968	0.01530792	0.0038152697	0.011910071	0.00011199646	0.013533001	
9.71	0.0091151851	0.0089961251	0.015290724	0.0038024973	0.011898085	0.00011188241	0.013514214	
9.72	0.0090960671	0.0089774107	0.015273587	0.0037897729	0.011886123	0.00011176859	0.013495485	
9.73	0.0090770079	0.0089587535	0.015256508	0.0037770963	0.011874185	0.000111655	0.013476814	
9.74	0.0090580074	0.0089401532	0.015239488	0.0037644673	0.011862271	0.00011154165	0.0134582	
9.75	0.0090390653	0.0089216096	0.015222526	0.0037518857	0.011850381	0.00011142852	0.013439643	
9.76	0.0090201813	0.0089031224	0.015205622	0.0037393512	0.011838515	0.00011131562	0.013421143	
9.77	0.0090013553	0.0088846915	0.015188775	0.0037268637	0.011826672	0.00011120295	0.0134027	
9.78	0.0089825869	0.0088663166	0.015171986	0.0037144229	0.011814853	0.00011109051	0.013384314	
9.79	0.008963876	0.0088479975	0.015155255	0.0037020287	0.011803058	0.0001109783	0.013365983	
9.8	0.0089452223	0.0088297339	0.01513858	0.0036896809	0.011791286	0.00011086631	0.013347709	
9.81	0.0089266257	0.0088115257	0.015121962	0.0036773791	0.011779538	0.00011075454	0.013329491	
9.82	0.0089080858	0.0087933727	0.015105401	0.0036651233	0.011767813	0.00011064301	0.013311328	
9.83	0.0088896025	0.0087752745	0.015088896	0.0036529133	0.011756112	0.00011053169	0.01329322	
9.84	0.0088711755	0.0087572311	0.015072448	0.0036407487	0.011744433	0.0001104206	0.013275168	
9.85	0.0088528046	0.0087392421	0.015056055	0.0036286295	0.011732778	0.00011030974	0.013257171	
9.86	0.0088344895	0.0087213074	0.015039718	0.0036165554	0.011721146	0.00011019893	0.013239228	
9.87	0.0088162302	0.0087034268	0.015023437	0.0036045262	0.011709537	0.00011008748	0.01322134	
9.88	0.0087980262	0.0086856	0.015007211	0.0035925418	0.011697951	0.00010997531	0.013203506	
9.89	0.0087798775	0.0086678268	0.01499104	0.0035806019	0.011686388	0.00010986242	0.013185726	
9.9	0.0087617838	0.0086501071	0.014974924	0.0035687063	0.011674848	0.00010974883	0.013168	
9.91	0.0087437449	0.0086324405	0.014958863	0.0035568549	0.01166333	0.00010963453	0.013150328	
9.92	0.0087257605	0.008614827	0.014942856	0.0035450475	0.011651836	0.00010951954	0.013132709	
9.93	0.0087078305	0.0085972662	0.014926904	0.0035332838	0.011640363	0.00010940385	0.013115144	
9.94	0.0086899546	0.0085797581	0.014911006	0.0035215636	0.011628914	0.00010928748	0.013097631	
9.95	0.0086721327	0.0085623023	0.014895161	0.0035098869	0.011617487	0.00010917043	0.013080171	
9.96	0.0086543644	0.0085448987	0.01487937	0.0034982533	0.011606082	0.0001090527	0.013062764	
9.97	0.0086366496	0.0085275471	0.014863633	0.0034866628	0.0115947	0.00010893431	0.013045409	
9.98	0.0086189882	0.0085102472	0.014847949	0.003475115	0.01158334	0.00010881525	0.013028107	
9.99	0.0086013798	0.008492999	0.014832318	0.0034636099	0.011572002	0.00010869554	0.013010856	
10	0.0085838243	0.0084758021	0.01481674	0.0034521473	0.011560686	0.00010857517	0.012993657	
