Energia	P_OscStd	P_InvDcy	P_VEP	P_NSI	P_VIS_1	P_VIS_2	
0.01	0.094394392	0.042973336	0.094388263	0.095080476	0.48632494	8.7571482e-05	
0.02	0.00066780246	0.0082861805	0.00066962922	0.00057623252	0.47999807	8.7208321e-05	
0.03	0.40712892	0.27907101	0.40713244	0.4065985	0.4814586	7.9520172e-05	
0.04	0.013482531	0.00076975503	0.013488914	0.013121545	0.4650686	8.5781968e-05	
0.05	0.15076823	0.15317821	0.15065583	0.15313878	0.41428668	7.4614999e-05	
0.06	0.45798305	0.33011602	0.45801756	0.45734094	0.38079738	6.227721e-05	
0.07	0.53493116	0.42071155	0.53508931	0.53234742	0.36423159	5.3854936e-05	
0.08	0.32598425	0.42204199	0.32614956	0.32390744	0.35666635	4.8883541e-05	
0.09	0.48597103	0.43958115	0.48630299	0.48146018	0.35286074	4.6123007e-05	
0.1	0.33390508	0.39523505	0.33361557	0.33776945	0.35016598	4.4635291e-05	
0.11	0.45277101	0.39852577	0.45240365	0.45702415	0.34741044	4.3833248e-05	
0.12	0.40633591	0.36767485	0.40593107	0.41091673	0.34414873	4.3383429e-05	
0.13	0.25107185	0.30569338	0.25076733	0.25482899	0.34028506	4.3091163e-05	
0.14	0.25667783	0.28772587	0.25707245	0.25284865	0.33585556	4.2860743e-05	
0.15	0.40717751	0.32128928	0.40702695	0.40849952	0.33096246	4.2626493e-05	
0.16	0.16039955	0.22268064	0.16043979	0.16065363	0.32571979	4.2370975e-05	
0.17	0.36272652	0.28560836	0.36260975	0.36368648	0.3202138	4.2081479e-05	
0.18	0.15917678	0.19654744	0.15951125	0.15663476	0.31454851	4.1766352e-05	
0.19	0.23272724	0.21746134	0.23221332	0.23773061	0.30878473	4.1406162e-05	
0.2	0.29009763	0.23548074	0.29041485	0.28723279	0.30300237	4.1028115e-05	
0.21	0.1165793	0.15134066	0.11686236	0.11482592	0.2972238	4.0611717e-05	
0.22	0.15448327	0.16242076	0.15397476	0.15938824	0.29148156	4.0170896e-05	
0.23	0.26482628	0.21100386	0.264645	0.26632791	0.28582357	3.9734928e-05	
0.24	0.20632536	0.17860847	0.20683665	0.20233317	0.28026618	3.9294484e-05	
0.25	0.091976103	0.11626362	0.092319679	0.089972816	0.27481185	3.883493e-05	
0.26	0.08482181	0.10830865	0.084490771	0.088248201	0.26947556	3.8364779e-05	
0.27	0.16393905	0.14755567	0.16336062	0.16880705	0.26427636	3.7898811e-05	
0.28	0.21898281	0.17576015	0.21880539	0.22036937	0.25922098	3.7438937e-05	
0.29	0.1962498	0.16147865	0.19664008	0.19342949	0.25430361	3.6977072e-05	
0.3	0.12530689	0.11913507	0.12591869	0.12127035	0.24951613	3.6507703e-05	
0.31	0.064340693	0.081441705	0.064705929	0.062511418	0.24485557	3.6034205e-05	
0.32	0.048520297	0.069775263	0.04839944	0.05030251	0.24032435	3.5566058e-05	
0.33	0.076196377	0.084448736	0.075671625	0.080637316	0.23592621	3.511257e-05	
0.34	0.12294559	0.11157298	0.12230275	0.12784334	0.23166249	3.4678473e-05	
0.35	0.16187415	0.13478212	0.16141817	0.16515249	0.22753067	3.4263167e-05	
0.36	0.17668405	0.14349984	0.17660211	0.17726405	0.22352529	3.3862543e-05	
0.37	0.16477604	0.13543855	0.16508986	0.16276048	0.21963965	3.3471555e-05	
0.38	0.13367213	0.11484543	0.13426534	0.13003323	0.21586748	3.3086211e-05	
0.39	0.095187624	0.089050134	0.09587153	0.091257833	0.21220379	3.270447e-05	
0.4	0.060436451	0.065278319	0.061019077	0.057442018	0.20864508	3.2326203e-05	
0.41	0.036938966	0.048657964	0.037275891	0.035700855	0.20518896	3.1952576e-05	
0.42	0.027797741	0.04151814	0.02781713	0.028622364	0.2018336	3.1585293e-05	
0.43	0.032295921	0.043643334	0.032000168	0.035016914	0.19857721	3.1225937e-05	
0.44	0.047174673	0.053033081	0.046625964	0.05128418	0.19541763	3.0875554e-05	
0.45	0.068010423	0.066787607	0.067308442	0.07282165	0.1923522	3.0534491e-05	
0.46	0.090349596	0.081877001	0.089608167	0.095148162	0.18937769	3.020243e-05	
0.47	0.11046483	0.09568259	0.10979203	0.11462486	0.18649045	2.9878544e-05	
0.48	0.12573545	0.10629414	0.12521938	0.12879198	0.18368656	2.9561707e-05	
0.49	0.13472752	0.11260103	0.13442833	0.13640746	0.18096201	2.9250714e-05	
0.5	0.13707236	0.11423732	0.13701968	0.13729227	0.17831285	2.8944446e-05	
0.51	0.13323612	0.1114414	0.13343082	0.13207714	0.17573535	2.8642002e-05	
0.52	0.12425299	0.10488037	0.12467172	0.12192287	0.17322604	2.8342769e-05	
0.53	0.11147111	0.09547498	0.11207236	0.10826164	0.17078177	2.8046447e-05	
0.54	0.09633898	0.084246929	0.09706958	0.092584986	0.16839974	2.7753037e-05	
0.55	0.08024421	0.072199314	0.081045505	0.076287842	0.16607747	2.74628e-05	
0.56	0.064404979	0.060232516	0.065218145	0.060567405	0.16381274	2.7176208e-05	
0.57	0.049808332	0.049092961	0.050578622	0.046369408	0.16160359	2.689388e-05	
0.58	0.03718618	0.039349329	0.037865995	0.034371726	0.15944826	2.6616528e-05	
0.59	0.027019166	0.03138982	0.027570014	0.024994869	0.15734515	2.6344897e-05	
0.6	0.019559229	0.025434204	0.019952706	0.018429928	0.15529276	2.6079723e-05	
0.61	0.014863137	0.021555124	0.015081091	0.014676155	0.15328969	2.5821695e-05	
0.62	0.012830902	0.019704197	0.012864981	0.013582184	0.15133459	2.5571427e-05	
0.63	0.013244693	0.019739488	0.013095434	0.014886638	0.14942615	2.5329436e-05	
0.64	0.015805249	0.02145201	0.015480886	0.018255346	0.14756308	2.5096136e-05	
0.65	0.020164019	0.024589703	0.019679133	0.023313585	0.1457441	2.4871829e-05	
0.66	0.025950158	0.028878044	0.025324274	0.029672661	0.14396795	2.4656706e-05	
0.67	0.032792142	0.034036967	0.032048364	0.036950769	0.14223336	2.4450855e-05	
0.68	0.040334223	0.039794089	0.039497958	0.044788486	0.14053909	2.4254263e-05	
0.69	0.048248223	0.045894511	0.047346034	0.052859501	0.13888388	2.406683e-05	
0.7	0.056241283	0.052107582	0.055299898	0.060877292	0.1372665	2.3888376e-05	
0.71	0.064060269	0.058231073	0.063105743	0.068598494	0.13568574	2.3718657e-05	
0.72	0.071493482	0.064093237	0.070550527	0.07582366	0.1341404	2.355737e-05	
0.73	0.078370317	0.069553196	0.077461777	0.082396074	0.13262932	2.340417e-05	
0.74	0.084559399	0.074500065	0.083705872	0.088199157	0.13115134	2.3258673e-05	
0.75	0.089965677	0.078851162	0.089185256	0.093152957	0.12970537	2.3120474e-05	
0.76	0.094526851	0.082549611	0.09383498	0.097210079	0.12829033	2.2989146e-05	
0.77	0.098209448	0.085561569	0.097618865	0.10035137	0.12690517	2.2864255e-05	
0.78	0.10100478	0.087873292	0.10052554	0.10258161	0.1255489	2.2745363e-05	
0.79	0.10292498	0.089488161	0.10256453	0.1039253	0.12422055	2.2632032e-05	
0.8	0.10399917	0.09042381	0.10376249	0.10442273	0.1229192	2.2523832e-05	
0.81	0.10427	0.090709406	0.10415976	0.10412643	0.12164396	2.2420344e-05	
0.82	0.10379041	0.090383149	0.10380718	0.10309794	0.12039398	2.2321161e-05	
0.83	0.10262085	0.089490015	0.10276325	0.10140495	0.11916847	2.2225892e-05	
0.84	0.10082674	0.088079759	0.10109171	0.099118937	0.11796665	2.2134163e-05	
0.85	0.098476399	0.086205177	0.098859393	0.096313045	0.11678778	2.204562e-05	
0.86	0.095639224	0.083920621	0.096134417	0.093060416	0.11563117	2.1959927e-05	
0.87	0.092384235	0.081280753	0.09298473	0.089432789	0.11449615	2.187677e-05	
0.88	0.088778869	0.078339513	0.08947689	0.085499407	0.11338208	2.1795854e-05	
0.89	0.084888038	0.0751493	0.085675113	0.081326171	0.11228836	2.1716904e-05	
0.9	0.080773412	0.071760315	0.081640541	0.076975019	0.11121441	2.1639666e-05	
0.91	0.07649289	0.068220076	0.0774307	0.072503498	0.11015968	2.1563903e-05	
0.92	0.072100245	0.064573058	0.073099128	0.067964491	0.10912365	2.14894e-05	
0.93	0.067644898	0.060860458	0.068695135	0.063406085	0.10810582	2.1415958e-05	
0.94	0.063171814	0.057120056	0.06426369	0.05887154	0.10710571	2.1343394e-05	
0.95	0.058721498	0.053386153	0.059845393	0.054399357	0.10612286	2.1271544e-05	
0.96	0.054330056	0.049689585	0.055476532	0.050023412	0.10515683	2.1200259e-05	
0.97	0.050029325	0.046057787	0.051189197	0.045773134	0.10420721	2.1129403e-05	
0.98	0.045847049	0.042514895	0.047011445	0.041673741	0.1032736	2.1058856e-05	
0.99	0.041807085	0.039081891	0.042967492	0.037746483	0.1023556	2.0988508e-05	
1	0.037929631	0.03577676	0.039077941	0.034008923	0.10145285	2.0918263e-05	
1.01	0.034231481	0.032614673	0.035360014	0.03047521	0.10056499	2.0848036e-05	
1.02	0.030726271	0.029608179	0.031827806	0.027156367	0.099691678	2.0777753e-05	
1.03	0.027424743	0.026767395	0.028492528	0.02406057	0.098832578	2.0707347e-05	
1.04	0.024334998	0.02410021	0.025362763	0.021193425	0.097987373	2.0636763e-05	
1.05	0.021462744	0.021612474	0.022444704	0.018558236	0.097155753	2.0565951e-05	
1.06	0.018811541	0.019308194	0.019742398	0.016156252	0.09633742	2.0494872e-05	
1.07	0.016383028	0.017189717	0.017257964	0.013986914	0.095532083	2.042349e-05	
1.08	0.014177143	0.015257906	0.014991815	0.012048078	0.094739463	2.0351777e-05	
1.09	0.012192328	0.013512306	0.012942857	0.010336223	0.093959287	2.0279712e-05	
1.1	0.010425723	0.011951304	0.011108677	0.0088466508	0.093191292	2.0207276e-05	
1.11	0.0088733383	0.010572277	0.0094857236	0.0075736601	0.09243522	2.0134458e-05	
1.12	0.0075302256	0.0093717251	0.0080694669	0.0065107133	0.091690824	2.0061249e-05	
1.13	0.0063906239	0.0083454017	0.0068545472	0.0056505843	0.09095786	1.9987645e-05	
1.14	0.0054480986	0.0074884281	0.0058349128	0.0049854943	0.090236092	1.9913643e-05	
1.15	0.0046956656	0.0067954006	0.0050039434	0.0045072325	0.089525292	1.9839247e-05	
1.16	0.0041259044	0.0062604865	0.0043545626	0.004207265	0.088825236	1.976446e-05	
1.17	0.0037310586	0.0058775119	0.0038793386	0.0040768321	0.088135706	1.9689289e-05	
1.18	0.0035031268	0.0056400406	0.0035705749	0.004107033	0.087456489	1.9613743e-05	
1.19	0.0034339425	0.0055414448	0.0034203904	0.0042889019	0.086787378	1.9537833e-05	
1.2	0.0035152457	0.0055749676	0.0034207911	0.0046134735	0.086128171	1.9461572e-05	
1.21	0.0037387448	0.0057337793	0.0035637326	0.0050718402	0.08547867	1.9384972e-05	
1.22	0.0040961712	0.0060110263	0.0038411755	0.0056552015	0.084838684	1.930805e-05	
1.23	0.0045793269	0.0063998744	0.0042451327	0.0063549055	0.084208025	1.9230821e-05	
1.24	0.0051801247	0.006893546	0.0047677109	0.0071624848	0.083586507	1.9153301e-05	
1.25	0.0058906231	0.0074853527	0.0054011459	0.0080696858	0.082973953	1.9075509e-05	
1.26	0.0067030552	0.0081687229	0.0061378324	0.0090684928	0.082370186	1.8997462e-05	
1.27	0.0076098534	0.0089372252	0.006970349	0.010151148	0.081775035	1.8919179e-05	
1.28	0.0086036688	0.009784588	0.0078914787	0.011310166	0.081188334	1.8840679e-05	
1.29	0.0096773877	0.010704716	0.0088942258	0.012538345	0.080609918	1.8761981e-05	
1.3	0.010824143	0.011691702	0.0099718288	0.013828777	0.080039627	1.8683104e-05	
1.31	0.012037326	0.01273984	0.011117771	0.015174851	0.079477305	1.8604067e-05	
1.32	0.013310589	0.013843628	0.012325785	0.016570257	0.078922798	1.8524889e-05	
1.33	0.014637852	0.014997781	0.013589864	0.018008985	0.078375958	1.844559e-05	
1.34	0.016013307	0.016197227	0.014904257	0.019485327	0.077836638	1.8366188e-05	
1.35	0.017431411	0.017437114	0.016263474	0.020993867	0.077304694	1.8286704e-05	
1.36	0.018886894	0.018712808	0.017662285	0.022529488	0.076779988	1.8207154e-05	
1.37	0.020374748	0.020019895	0.019095715	0.024087354	0.076262381	1.8127557e-05	
1.38	0.021890229	0.021354175	0.020559045	0.025662912	0.075751741	1.8047932e-05	
1.39	0.023428847	0.022711663	0.022047805	0.027251882	0.075247937	1.7968296e-05	
1.4	0.024986364	0.024088584	0.023557769	0.028850248	0.074750839	1.7888666e-05	
1.41	0.026558789	0.025481368	0.025084949	0.030454252	0.074260323	1.780906e-05	
1.42	0.028142365	0.026886646	0.026625589	0.032060382	0.073776267	1.7729494e-05	
1.43	0.029733567	0.028301243	0.028176158	0.033665367	0.07329855	1.7649983e-05	
1.44	0.031329092	0.029722176	0.029733345	0.035266162	0.072827056	1.7570545e-05	
1.45	0.032925853	0.031146642	0.031294045	0.036859946	0.072361669	1.7491193e-05	
1.46	0.034520967	0.03257202	0.03285536	0.038444106	0.071902277	1.7411944e-05	
1.47	0.036111751	0.033995856	0.034414584	0.040016229	0.07144877	1.7332811e-05	
1.48	0.037695714	0.035415862	0.0359692	0.041574097	0.071001042	1.7253807e-05	
1.49	0.039270543	0.036829907	0.037516867	0.043115673	0.070558986	1.7174948e-05	
1.5	0.040834102	0.038236014	0.039055419	0.044639093	0.0701225	1.7096245e-05	
1.51	0.042384419	0.039632349	0.040582852	0.046142659	0.069691483	1.7017712e-05	
1.52	0.043919682	0.041017216	0.042097316	0.047624828	0.069265837	1.6939361e-05	
1.53	0.045438227	0.042389051	0.043597113	0.049084206	0.068845466	1.6861202e-05	
1.54	0.046938534	0.043746418	0.045080683	0.050519537	0.068430275	1.6783248e-05	
1.55	0.048419218	0.045088	0.046546601	0.051929697	0.068020172	1.6705509e-05	
1.56	0.049879022	0.046412591	0.04799357	0.053313688	0.067615066	1.6627996e-05	
1.57	0.051316811	0.047719098	0.049420413	0.054670627	0.06721487	1.6550719e-05	
1.58	0.052731563	0.049006525	0.050826065	0.055999742	0.066819497	1.6473687e-05	
1.59	0.054122364	0.050273977	0.052209571	0.057300361	0.066428862	1.6396909e-05	
1.6	0.055488405	0.051520649	0.053570074	0.058571913	0.066042882	1.6320395e-05	
1.61	0.056828969	0.052745822	0.054906816	0.059813914	0.065661478	1.6244152e-05	
1.62	0.058143431	0.05394886	0.056219127	0.061025965	0.065284568	1.6168188e-05	
1.63	0.059431251	0.055129202	0.057506421	0.062207748	0.064912076	1.6092512e-05	
1.64	0.060691967	0.05628636	0.058768193	0.063359015	0.064543926	1.601713e-05	
1.65	0.061925191	0.057419914	0.060004012	0.064479589	0.064180043	1.594205e-05	
1.66	0.063130607	0.058529509	0.061213515	0.065569355	0.063820354	1.5867277e-05	
1.67	0.064307961	0.059614848	0.062396405	0.066628257	0.063464789	1.5792819e-05	
1.68	0.065457062	0.06067569	0.063552448	0.067656295	0.063113278	1.5718681e-05	
1.69	0.066577773	0.061711848	0.064681463	0.068653517	0.062765751	1.5644868e-05	
1.7	0.067670011	0.062723181	0.065783325	0.069620019	0.062422143	1.5571386e-05	
1.71	0.068733741	0.063709597	0.066857956	0.070555939	0.062082389	1.5498239e-05	
1.72	0.069768975	0.064671043	0.067905326	0.071461454	0.061746423	1.5425433e-05	
1.73	0.070775764	0.065607508	0.068925445	0.072336778	0.061414183	1.5352972e-05	
1.74	0.071754199	0.066519017	0.069918364	0.073182158	0.061085608	1.528086e-05	
1.75	0.072704407	0.067405627	0.070884168	0.07399787	0.060760638	1.5209101e-05	
1.76	0.073626546	0.068267428	0.071822979	0.074784216	0.060439214	1.5137698e-05	
1.77	0.074520807	0.06910454	0.072734947	0.075541525	0.060121277	1.5066655e-05	
1.78	0.075387406	0.069917108	0.07362025	0.076270147	0.059806772	1.4995974e-05	
1.79	0.076226585	0.070705301	0.074479094	0.076970452	0.059495644	1.4925659e-05	
1.8	0.077038609	0.071469312	0.075311707	0.077642827	0.059187837	1.4855713e-05	
1.81	0.077823764	0.072209353	0.076118339	0.078287677	0.058883299	1.4786137e-05	
1.82	0.078582354	0.072925658	0.076899259	0.078905419	0.058581978	1.4716935e-05	
1.83	0.079314701	0.073618473	0.077654756	0.079496482	0.058283823	1.4648107e-05	
1.84	0.080021141	0.074288064	0.078385132	0.080061307	0.057988784	1.4579656e-05	
1.85	0.080702024	0.074934708	0.079090705	0.080600342	0.057696812	1.4511583e-05	
1.86	0.081357713	0.075558695	0.079771805	0.081114045	0.057407859	1.4443891e-05	
1.87	0.081988581	0.076160328	0.080428774	0.081602878	0.057121879	1.4376579e-05	
1.88	0.082595009	0.076739918	0.081061964	0.08206731	0.056838824	1.430965e-05	
1.89	0.083177388	0.077297786	0.081671735	0.082507813	0.05655865	1.4243104e-05	
1.9	0.083736114	0.077834259	0.082258456	0.082924862	0.056281314	1.4176942e-05	
1.91	0.084271589	0.078349672	0.0828225	0.083318933	0.05600677	1.4111164e-05	
1.92	0.084784222	0.078844365	0.083364248	0.083690505	0.055734978	1.4045772e-05	
1.93	0.085274422	0.079318684	0.083884084	0.084040056	0.055465895	1.3980766e-05	
1.94	0.085742603	0.079772977	0.084382396	0.084368064	0.05519948	1.3916145e-05	
1.95	0.086189182	0.080207597	0.084859574	0.084675004	0.054935694	1.385191e-05	
1.96	0.086614574	0.080622897	0.085316012	0.084961352	0.054674497	1.3788061e-05	
1.97	0.087019199	0.081019235	0.085752103	0.085227579	0.054415851	1.3724597e-05	
1.98	0.087403473	0.081396969	0.086168242	0.085474154	0.054159717	1.3661519e-05	
1.99	0.087767813	0.081756455	0.086564824	0.085701543	0.05390606	1.3598826e-05	
2	0.088112636	0.082098052	0.086942242	0.085910206	0.053654843	1.3536518e-05	
2.01	0.088438354	0.082422118	0.08730089	0.086100601	0.053406029	1.3474594e-05	
2.02	0.08874538	0.082729009	0.087641159	0.086273181	0.053159585	1.3413054e-05	
2.03	0.089034122	0.083019081	0.087963438	0.086428392	0.052915475	1.3351896e-05	
2.04	0.089304988	0.083292687	0.088268115	0.086566676	0.052673667	1.3291121e-05	
2.05	0.089558379	0.083550179	0.088555574	0.08668847	0.052434128	1.3230726e-05	
2.06	0.089794695	0.083791905	0.088826195	0.086794204	0.052196824	1.3170712e-05	
2.07	0.090014331	0.084018212	0.089080358	0.086884302	0.051961724	1.3111076e-05	
2.08	0.090217679	0.084229444	0.089318435	0.086959182	0.051728798	1.3051819e-05	
2.09	0.090405123	0.084425939	0.089540798	0.087019256	0.051498014	1.2992938e-05	
2.1	0.090577047	0.084608036	0.089747812	0.087064929	0.051269342	1.2934433e-05	
2.11	0.090733826	0.084776066	0.089939839	0.0870966	0.051042754	1.2876301e-05	
2.12	0.090875834	0.084930359	0.090117236	0.08711466	0.050818219	1.2818543e-05	
2.13	0.091003436	0.08507124	0.090280356	0.087119494	0.050595711	1.2761156e-05	
2.14	0.091116994	0.08519903	0.090429547	0.08711148	0.0503752	1.2704139e-05	
2.15	0.091216864	0.085314045	0.090565151	0.08709099	0.05015666	1.2647491e-05	
2.16	0.091303397	0.085416598	0.090687505	0.087058388	0.049940064	1.2591209e-05	
2.17	0.091376937	0.085506996	0.090796944	0.087014031	0.049725385	1.2535293e-05	
2.18	0.091437823	0.085585542	0.090893793	0.086958269	0.049512598	1.247974e-05	
2.19	0.091486389	0.085652535	0.090978375	0.086891445	0.049301676	1.2424548e-05	
2.2	0.091522963	0.085708268	0.091051006	0.086813897	0.049092596	1.2369718e-05	
2.21	0.091547867	0.085753031	0.091111999	0.086725953	0.048885332	1.2315245e-05	
2.22	0.091561417	0.085787108	0.091161659	0.086627936	0.04867986	1.2261129e-05	
2.23	0.091563923	0.085810778	0.091200286	0.086520162	0.048476158	1.2207368e-05	
2.24	0.09155569	0.085824315	0.091228176	0.08640294	0.0482742	1.2153959e-05	
2.25	0.091537017	0.08582799	0.091245619	0.086276573	0.048073966	1.2100902e-05	
2.26	0.091508197	0.085822067	0.091252898	0.086141355	0.047875431	1.2048194e-05	
2.27	0.091469517	0.085806806	0.091250292	0.085997577	0.047678575	1.1995832e-05	
2.28	0.091421259	0.085782463	0.091238076	0.08584552	0.047483375	1.1943817e-05	
2.29	0.091363699	0.085749287	0.091216517	0.085685461	0.047289811	1.1892144e-05	
2.3	0.091297107	0.085707524	0.091185878	0.085517669	0.04709786	1.1840812e-05	
2.31	0.091221748	0.085657415	0.091146417	0.085342407	0.046907504	1.178982e-05	
2.32	0.09113788	0.085599195	0.091098385	0.085159934	0.046718721	1.1739165e-05	
2.33	0.091045759	0.085533096	0.091042031	0.0849705	0.046531491	1.1688845e-05	
2.34	0.090945632	0.085459345	0.090977595	0.084774351	0.046345795	1.1638858e-05	
2.35	0.090837741	0.085378163	0.090905316	0.084571724	0.046161614	1.1589203e-05	
2.36	0.090722325	0.085289767	0.090825423	0.084362855	0.045978929	1.1539876e-05	
2.37	0.090599617	0.085194371	0.090738145	0.084147971	0.045797722	1.1490876e-05	
2.38	0.090469842	0.085092182	0.090643704	0.083927293	0.045617973	1.1442201e-05	
2.39	0.090333224	0.084983405	0.090542315	0.083701038	0.045439666	1.1393848e-05	
2.4	0.090189979	0.084868239	0.090434193	0.083469417	0.045262781	1.1345816e-05	
2.41	0.09004032	0.084746879	0.090319543	0.083232636	0.045087303	1.1298103e-05	
2.42	0.089884454	0.084619515	0.090198569	0.082990896	0.044913214	1.1250706e-05	
2.43	0.089722583	0.084486335	0.090071469	0.082744391	0.044740497	1.1203623e-05	
2.44	0.089554906	0.084347521	0.089938438	0.082493312	0.044569136	1.1156852e-05	
2.45	0.089381615	0.084203251	0.089799663	0.082237844	0.044399114	1.1110392e-05	
2.46	0.089202899	0.0840537	0.089655331	0.081978168	0.044230415	1.1064239e-05	
2.47	0.089018943	0.083899038	0.089505622	0.08171446	0.044063024	1.1018392e-05	
2.48	0.088829925	0.083739431	0.089350712	0.081446891	0.043896925	1.0972848e-05	
2.49	0.088636022	0.083575042	0.089190774	0.081175627	0.043732102	1.0927606e-05	
2.5	0.088437404	0.08340603	0.089025975	0.08090083	0.043568542	1.0882664e-05	
2.51	0.088234239	0.083232551	0.08885648	0.080622659	0.043406228	1.0838018e-05	
2.52	0.088026689	0.083054755	0.088682449	0.080341266	0.043245147	1.0793668e-05	
2.53	0.087814913	0.08287279	0.088504039	0.080056801	0.043085284	1.0749611e-05	
2.54	0.087599067	0.082686801	0.088321402	0.079769409	0.042926626	1.0705845e-05	
2.55	0.087379301	0.08249693	0.088134687	0.079479232	0.042769157	1.0662368e-05	
2.56	0.087155763	0.082303312	0.087944039	0.079186406	0.042612865	1.0619177e-05	
2.57	0.086928596	0.082106084	0.087749599	0.078891065	0.042457736	1.0576271e-05	
2.58	0.08669794	0.081905375	0.087551507	0.07859334	0.042303757	1.0533648e-05	
2.59	0.086463932	0.081701314	0.087349896	0.078293356	0.042150915	1.0491305e-05	
2.6	0.086226705	0.081494025	0.087144899	0.077991235	0.041999197	1.044924e-05	
2.61	0.085986389	0.08128363	0.086936642	0.077687097	0.04184859	1.0407452e-05	
2.62	0.085743109	0.081070247	0.086725251	0.077381058	0.041699082	1.0365939e-05	
2.63	0.085496988	0.080853992	0.086510848	0.07707323	0.041550661	1.0324697e-05	
2.64	0.085248147	0.080634978	0.086293551	0.076763721	0.041403315	1.0283726e-05	
2.65	0.084996702	0.080413315	0.086073476	0.076452639	0.041257031	1.0243023e-05	
2.66	0.084742767	0.08018911	0.085850736	0.076140086	0.041111798	1.0202586e-05	
2.67	0.084486452	0.079962467	0.085625439	0.075826162	0.040967605	1.0162414e-05	
2.68	0.084227865	0.079733487	0.085397693	0.075510963	0.04082444	1.0122503e-05	
2.69	0.083967111	0.079502272	0.085167602	0.075194585	0.040682291	1.0082853e-05	
2.7	0.083704292	0.079268916	0.084935267	0.074877118	0.040541149	1.0043461e-05	
2.71	0.083439508	0.079033514	0.084700788	0.074558651	0.040401001	1.0004325e-05	
2.72	0.083172854	0.078796158	0.08446426	0.07423927	0.040261838	9.9654435e-06	
2.73	0.082904425	0.078556937	0.084225776	0.073919058	0.040123649	9.9268143e-06	
2.74	0.082634313	0.078315938	0.083985429	0.073598096	0.039986423	9.8884355e-06	
2.75	0.082362606	0.078073246	0.083743306	0.073276462	0.03985015	9.8503052e-06	
2.76	0.082089392	0.077828943	0.083499494	0.072954233	0.039714819	9.8124215e-06	
2.77	0.081814754	0.07758311	0.083254077	0.072631482	0.039580422	9.7747824e-06	
2.78	0.081538774	0.077335824	0.083007137	0.072308281	0.039446948	9.7373861e-06	
2.79	0.081261532	0.077087163	0.082758753	0.071984698	0.039314388	9.7002306e-06	
2.8	0.080983106	0.0768372	0.082509003	0.0716608	0.039182731	9.6633142e-06	
2.81	0.08070357	0.076586007	0.082257963	0.071336653	0.039051969	9.626635e-06	
2.82	0.080422998	0.076333654	0.082005704	0.071012319	0.038922092	9.590191e-06	
2.83	0.080141461	0.076080209	0.081752299	0.07068786	0.038793092	9.5539806e-06	
2.84	0.079859028	0.07582574	0.081497816	0.070363333	0.038664958	9.5180018e-06	
2.85	0.079575766	0.07557031	0.081242324	0.070038795	0.038537683	9.4822529e-06	
2.86	0.079291741	0.075313983	0.080985888	0.069714303	0.038411257	9.446732e-06	
2.87	0.079007016	0.075056819	0.080728571	0.06938991	0.038285671	9.4114374e-06	
2.88	0.078721652	0.074798878	0.080470435	0.069065666	0.038160918	9.3763674e-06	
2.89	0.078435709	0.074540217	0.08021154	0.068741622	0.038036989	9.34152e-06	
2.9	0.078149246	0.074280894	0.079951945	0.068417826	0.037913876	9.3068937e-06	
2.91	0.077862318	0.074020962	0.079691707	0.068094324	0.037791569	9.2724867e-06	
2.92	0.077574981	0.073760474	0.079430881	0.067771163	0.037670062	9.2382972e-06	
2.93	0.077287287	0.073499482	0.07916952	0.067448384	0.037549347	9.2043236e-06	
2.94	0.076999288	0.073238037	0.078907677	0.067126031	0.037429415	9.1705641e-06	
2.95	0.076711034	0.072976186	0.078645401	0.066804143	0.037310258	9.137017e-06	
2.96	0.076422574	0.072713977	0.078382743	0.066482761	0.03719187	9.1036808e-06	
2.97	0.076133954	0.072451457	0.07811975	0.066161921	0.037074242	9.0705537e-06	
2.98	0.07584522	0.072188669	0.077856468	0.06584166	0.036957367	9.037634e-06	
2.99	0.075556418	0.071925657	0.077592942	0.065522013	0.036841238	9.0049203e-06	
3	0.075267589	0.071662463	0.077329216	0.065203015	0.036725847	8.9724107e-06	
3.01	0.074978774	0.071399129	0.077065332	0.064884698	0.036611188	8.9401038e-06	
3.02	0.074690016	0.071135692	0.076801331	0.064567093	0.036497253	8.907998e-06	
3.03	0.074401352	0.070872193	0.076537253	0.064250231	0.036384035	8.8760915e-06	
3.04	0.074112821	0.070608667	0.076273136	0.063934141	0.036271528	8.844383e-06	
3.05	0.073824458	0.070345153	0.076009019	0.06361885	0.036159724	8.8128708e-06	
3.06	0.073536301	0.070081683	0.075744937	0.063304387	0.036048617	8.7815533e-06	
3.07	0.073248382	0.069818294	0.075480926	0.062990777	0.035938201	8.7504291e-06	
3.08	0.072960737	0.069555017	0.075217019	0.062678044	0.035828468	8.7194966e-06	
3.09	0.072673395	0.069291885	0.074953251	0.062366214	0.035719412	8.6887543e-06	
3.1	0.07238639	0.069028928	0.074689653	0.062055309	0.035611028	8.6582007e-06	
3.11	0.072099751	0.068766177	0.074426255	0.061745351	0.035503308	8.6278344e-06	
3.12	0.071813508	0.068503662	0.074163089	0.061436361	0.035396247	8.5976538e-06	
3.13	0.071527688	0.068241409	0.073900183	0.061128361	0.035289838	8.5676575e-06	
3.14	0.071242319	0.067979447	0.073637566	0.060821368	0.035184076	8.537844e-06	
3.15	0.070957428	0.067717802	0.073375264	0.060515403	0.035078953	8.5082119e-06	
3.16	0.070673039	0.0674565	0.073113305	0.060210482	0.034974466	8.4787599e-06	
3.17	0.070389178	0.067195565	0.072851714	0.059906623	0.034870606	8.4494864e-06	
3.18	0.070105869	0.066935021	0.072590515	0.059603843	0.03476737	8.42039e-06	
3.19	0.069823134	0.066674893	0.072329733	0.059302156	0.034664751	8.3914695e-06	
3.2	0.069540995	0.066415201	0.07206939	0.059001579	0.034562743	8.3627233e-06	
3.21	0.069259475	0.066155969	0.07180951	0.058702124	0.034461342	8.3341502e-06	
3.22	0.068978593	0.065897216	0.071550113	0.058403806	0.034360541	8.3057487e-06	
3.23	0.06869837	0.065638964	0.071291221	0.058106637	0.034260335	8.2775176e-06	
3.24	0.068418825	0.065381231	0.071032853	0.05781063	0.034160719	8.2494555e-06	
3.25	0.068139976	0.065124038	0.07077503	0.057515796	0.034061688	8.2215611e-06	
3.26	0.067861842	0.064867402	0.07051777	0.057222147	0.033963235	8.193833e-06	
3.27	0.067584439	0.06461134	0.070261091	0.056929692	0.033865357	8.16627e-06	
3.28	0.067307783	0.06435587	0.070005011	0.056638442	0.033768049	8.1388708e-06	
3.29	0.067031892	0.064101009	0.069749546	0.056348406	0.033671304	8.1116341e-06	
3.3	0.066756779	0.063846772	0.069494713	0.056059593	0.033575118	8.0845587e-06	
3.31	0.066482461	0.063593174	0.069240528	0.055772012	0.033479486	8.0576432e-06	
3.32	0.06620895	0.063340231	0.068987005	0.055485669	0.033384404	8.0308865e-06	
3.33	0.065936261	0.063087956	0.06873416	0.055200572	0.033289867	8.0042873e-06	
3.34	0.065664407	0.062836363	0.068482006	0.054916729	0.033195869	7.9778443e-06	
3.35	0.065393399	0.062585465	0.068230556	0.054634145	0.033102406	7.9515565e-06	
3.36	0.06512325	0.062335275	0.067979824	0.054352827	0.033009474	7.9254225e-06	
3.37	0.064853972	0.062085806	0.067729822	0.05407278	0.032917067	7.8994412e-06	
3.38	0.064585575	0.061837068	0.067480562	0.053794009	0.032825183	7.8736114e-06	
3.39	0.06431807	0.061589073	0.067232055	0.053516518	0.032733815	7.847932e-06	
3.4	0.064051467	0.061341832	0.066984313	0.053240313	0.032642959	7.8224017e-06	
3.41	0.063785776	0.061095355	0.066737346	0.052965398	0.032552612	7.7970195e-06	
3.42	0.063521005	0.060849652	0.066491164	0.052691775	0.032462769	7.7717841e-06	
3.43	0.063257163	0.060604733	0.066245777	0.052419448	0.032373425	7.7466944e-06	
3.44	0.062994259	0.060360606	0.066001195	0.052148419	0.032284576	7.7217494e-06	
3.45	0.062732301	0.060117281	0.065757425	0.051878693	0.032196219	7.696948e-06	
3.46	0.062471296	0.059874766	0.065514477	0.05161027	0.032108349	7.6722889e-06	
3.47	0.062211251	0.059633068	0.065272358	0.051343152	0.032020962	7.6477712e-06	
3.48	0.061952173	0.059392196	0.065031077	0.051077342	0.031934054	7.6233937e-06	
3.49	0.061694068	0.059152156	0.06479064	0.05081284	0.031847621	7.5991553e-06	
3.5	0.061436943	0.058912956	0.064551055	0.050549648	0.031761659	7.5750551e-06	
3.51	0.061180803	0.058674602	0.064312329	0.050287766	0.031676164	7.551092e-06	
3.52	0.060925653	0.0584371	0.064074467	0.050027195	0.031591133	7.5272648e-06	
3.53	0.060671499	0.058200456	0.063837476	0.049767935	0.031506561	7.5035726e-06	
3.54	0.060418346	0.057964676	0.063601362	0.049509986	0.031422445	7.4800144e-06	
3.55	0.060166197	0.057729765	0.063366129	0.049253349	0.03133878	7.4565891e-06	
3.56	0.059915057	0.057495729	0.063131783	0.048998021	0.031255565	7.4332957e-06	
3.57	0.05966493	0.057262571	0.062898329	0.048744004	0.031172794	7.4101333e-06	
3.58	0.05941582	0.057030297	0.062665771	0.048491295	0.031090464	7.3871008e-06	
3.59	0.059167729	0.056798911	0.062434114	0.048239894	0.031008571	7.3641972e-06	
3.6	0.058920661	0.056568416	0.062203362	0.047989799	0.030927113	7.3414216e-06	
3.61	0.058674619	0.056338817	0.061973517	0.04774101	0.030846085	7.3187731e-06	
3.62	0.058429605	0.056110117	0.061744584	0.047493523	0.030765485	7.2962505e-06	
3.63	0.058185621	0.055882318	0.061516566	0.047247338	0.030685308	7.2738531e-06	
3.64	0.05794267	0.055655425	0.061289467	0.047002453	0.030605551	7.2515799e-06	
3.65	0.057700754	0.05542944	0.061063287	0.046758864	0.030526211	7.2294299e-06	
3.66	0.057459873	0.055204364	0.060838032	0.04651657	0.030447285	7.2074022e-06	
3.67	0.057220031	0.054980202	0.060613701	0.046275568	0.03036877	7.1854959e-06	
3.68	0.056981227	0.054756955	0.060390299	0.046035856	0.030290661	7.1637101e-06	
3.69	0.056743463	0.054534624	0.060167826	0.04579743	0.030212957	7.1420439e-06	
3.7	0.05650674	0.054313212	0.059946284	0.045560288	0.030135653	7.1204964e-06	
3.71	0.056271058	0.05409272	0.059725676	0.045324427	0.030058747	7.0990667e-06	
3.72	0.056036418	0.05387315	0.059506001	0.045089843	0.029982236	7.077754e-06	
3.73	0.05580282	0.053654502	0.059287262	0.044856533	0.029906116	7.0565573e-06	
3.74	0.055570264	0.053436778	0.059069459	0.044624493	0.029830385	7.0354759e-06	
3.75	0.055338751	0.053219979	0.058852594	0.04439372	0.029755039	7.0145088e-06	
3.76	0.05510828	0.053004105	0.058636666	0.044164211	0.029680076	6.9936552e-06	
3.77	0.05487885	0.052789157	0.058421677	0.043935961	0.029605492	6.9729143e-06	
3.78	0.054650462	0.052575135	0.058207626	0.043708966	0.029531285	6.9522853e-06	
3.79	0.054423114	0.052362039	0.057994514	0.043483222	0.029457452	6.9317673e-06	
3.8	0.054196806	0.05214987	0.057782341	0.043258726	0.02938399	6.9113595e-06	
3.81	0.053971536	0.051938627	0.057571107	0.043035473	0.029310896	6.8910611e-06	
3.82	0.053747305	0.051728311	0.057360811	0.042813459	0.029238167	6.8708713e-06	
3.83	0.05352411	0.051518921	0.057151453	0.04259268	0.029165801	6.8507893e-06	
3.84	0.053301951	0.051310456	0.056943033	0.04237313	0.029093795	6.8308143e-06	
3.85	0.053080825	0.051102917	0.05673555	0.042154806	0.029022146	6.8109455e-06	
3.86	0.052860731	0.050896301	0.056529003	0.041937702	0.028950851	6.7911823e-06	
3.87	0.052641669	0.05069061	0.056323391	0.041721815	0.028879908	6.7715237e-06	
3.88	0.052423635	0.050485841	0.056118714	0.041507139	0.028809315	6.751969e-06	
3.89	0.052206628	0.050281993	0.05591497	0.04129367	0.028739068	6.7325175e-06	
3.9	0.051990647	0.050079066	0.055712159	0.041081403	0.028669165	6.7131685e-06	
3.91	0.051775688	0.049877058	0.055510278	0.040870333	0.028599603	6.6939212e-06	
3.92	0.05156175	0.049675968	0.055309326	0.040660454	0.02853038	6.6747748e-06	
3.93	0.051348831	0.049475795	0.055109302	0.040451763	0.028461494	6.6557286e-06	
3.94	0.051136928	0.049276537	0.054910205	0.040244253	0.028392942	6.636782e-06	
3.95	0.050926039	0.049078192	0.054712032	0.04003792	0.028324722	6.6179341e-06	
3.96	0.050716161	0.048880759	0.054514782	0.039832759	0.02825683	6.5991843e-06	
3.97	0.050507293	0.048684236	0.054318453	0.039628764	0.028189266	6.5805319e-06	
3.98	0.05029943	0.048488621	0.054123043	0.03942593	0.028122025	6.5619762e-06	
3.99	0.050092571	0.048293913	0.05392855	0.039224252	0.028055107	6.5435165e-06	
4	0.049886712	0.048100108	0.053734972	0.039023725	0.027988508	6.5251521e-06	
4.01	0.049681851	0.047907206	0.053542307	0.038824343	0.027922227	6.5068823e-06	
4.02	0.049477985	0.047715204	0.053350553	0.0386261	0.02785626	6.4887065e-06	
4.03	0.04927511	0.047524099	0.053159706	0.038428992	0.027790607	6.4706239e-06	
4.04	0.049073225	0.04733389	0.052969766	0.038233013	0.027725264	6.452634e-06	
4.05	0.048872325	0.047144575	0.052780729	0.038038158	0.027660229	6.434736e-06	
4.06	0.048672407	0.04695615	0.052592593	0.037844421	0.027595501	6.4169294e-06	
4.07	0.048473469	0.046768613	0.052405356	0.037651796	0.027531077	6.3992135e-06	
4.08	0.048275507	0.046581963	0.052219015	0.037460279	0.027466954	6.3815875e-06	
4.09	0.048078518	0.046396196	0.052033566	0.037269863	0.027403131	6.364051e-06	
4.1	0.047882497	0.046211309	0.051849009	0.037080543	0.027339606	6.3466033e-06	
4.11	0.047687443	0.0460273	0.051665339	0.036892314	0.027276376	6.3292437e-06	
4.12	0.047493351	0.045844167	0.051482554	0.036705169	0.027213439	6.3119716e-06	
4.13	0.047300219	0.045661906	0.051300651	0.036519104	0.027150794	6.2947865e-06	
4.14	0.047108041	0.045480515	0.051119627	0.036334112	0.027088439	6.2776877e-06	
4.15	0.046916816	0.045299991	0.05093948	0.036150189	0.02702637	6.2606745e-06	
4.16	0.046726539	0.045120331	0.050760206	0.035967328	0.026964587	6.2437465e-06	
4.17	0.046537206	0.044941532	0.050581802	0.035785524	0.026903087	6.2269031e-06	
4.18	0.046348814	0.044763591	0.050404265	0.035604772	0.026841869	6.2101435e-06	
4.19	0.04616136	0.044586506	0.050227593	0.035425065	0.026780929	6.1934673e-06	
4.2	0.045974839	0.044410272	0.050051782	0.035246398	0.026720268	6.1768739e-06	
4.21	0.045789248	0.044234888	0.049876828	0.035068766	0.026659882	6.1603627e-06	
4.22	0.045604583	0.044060349	0.049702729	0.034892162	0.02659977	6.1439332e-06	
4.23	0.04542084	0.043886653	0.049529482	0.034716582	0.026539929	6.1275847e-06	
4.24	0.045238016	0.043713797	0.049357083	0.034542019	0.026480359	6.1113168e-06	
4.25	0.045056106	0.043541777	0.049185528	0.034368468	0.026421056	6.0951288e-06	
4.26	0.044875106	0.043370591	0.049014816	0.034195924	0.02636202	6.0790202e-06	
4.27	0.044695014	0.043200235	0.048844942	0.03402438	0.026303249	6.0629905e-06	
4.28	0.044515824	0.043030705	0.048675903	0.033853832	0.02624474	6.0470391e-06	
4.29	0.044337533	0.042861999	0.048507695	0.033684273	0.026186492	6.0311656e-06	
4.3	0.044160137	0.042694113	0.048340316	0.033515698	0.026128503	6.0153693e-06	
4.31	0.043983632	0.042527044	0.048173761	0.033348101	0.026070772	5.9996498e-06	
4.32	0.043808014	0.042360789	0.048008028	0.033181478	0.026013297	5.9840065e-06	
4.33	0.043633279	0.042195344	0.047843113	0.033015822	0.025956075	5.9684389e-06	
4.34	0.043459423	0.042030706	0.047679013	0.032851127	0.025899106	5.9529465e-06	
4.35	0.043286442	0.041866871	0.047515723	0.032687389	0.025842388	5.9375288e-06	
4.36	0.043114332	0.041703836	0.047353241	0.032524601	0.025785918	5.9221853e-06	
4.37	0.042943089	0.041541598	0.047191563	0.032362759	0.025729696	5.9069155e-06	
4.38	0.042772709	0.041380153	0.047030686	0.032201856	0.02567372	5.8917189e-06	
4.39	0.042603188	0.041219498	0.046870606	0.032041888	0.025617987	5.8765949e-06	
4.4	0.042434522	0.041059629	0.046711319	0.031882848	0.025562498	5.8615432e-06	
4.41	0.042266707	0.040900543	0.046552823	0.031724732	0.025507249	5.8465632e-06	
4.42	0.042099738	0.040742236	0.046395113	0.031567533	0.025452239	5.8316545e-06	
4.43	0.041933613	0.040584705	0.046238185	0.031411248	0.025397467	5.8168165e-06	
4.44	0.041768325	0.040427947	0.046082037	0.031255869	0.025342932	5.8020489e-06	
4.45	0.041603873	0.040271958	0.045926665	0.031101392	0.025288631	5.7873511e-06	
4.46	0.041440251	0.040116734	0.045772065	0.030947811	0.025234563	5.7727226e-06	
4.47	0.041277455	0.039962272	0.045618234	0.030795121	0.025180727	5.7581631e-06	
4.48	0.041115482	0.039808568	0.045465167	0.030643317	0.025127121	5.7436721e-06	
4.49	0.040954328	0.03965562	0.045312862	0.030492393	0.025073743	5.729249e-06	
4.5	0.040793987	0.039503423	0.045161315	0.030342345	0.025020593	5.7148935e-06	
4.51	0.040634457	0.039351974	0.045010522	0.030193166	0.024967669	5.7006051e-06	
4.52	0.040475733	0.039201269	0.04486048	0.030044852	0.024914969	5.6863834e-06	
4.53	0.040317811	0.039051305	0.044711185	0.029897397	0.024862492	5.672228e-06	
4.54	0.040160688	0.038902078	0.044562634	0.029750796	0.024810236	5.6581383e-06	
4.55	0.040004358	0.038753585	0.044414822	0.029605044	0.0247582	5.644114e-06	
4.56	0.039848818	0.038605823	0.044267747	0.029460136	0.024706383	5.6301546e-06	
4.57	0.039694065	0.038458787	0.044121404	0.029316066	0.024654783	5.6162598e-06	
4.58	0.039540093	0.038312474	0.043975791	0.02917283	0.024603399	5.6024291e-06	
4.59	0.039386899	0.038166882	0.043830903	0.029030423	0.02455223	5.588662e-06	
4.6	0.039234479	0.038022005	0.043686737	0.028888838	0.024501274	5.5749583e-06	
4.61	0.039082829	0.037877842	0.043543289	0.028748072	0.024450529	5.5613174e-06	
4.62	0.038931945	0.037734387	0.043400556	0.02860812	0.024399995	5.5477389e-06	
4.63	0.038781823	0.037591638	0.043258535	0.028468975	0.024349671	5.5342225e-06	
4.64	0.038632459	0.037449592	0.043117221	0.028330634	0.024299554	5.5207678e-06	
4.65	0.038483849	0.037308244	0.042976612	0.028193091	0.024249644	5.5073743e-06	
4.66	0.038335989	0.037167591	0.042836703	0.028056341	0.024199939	5.4940416e-06	
4.67	0.038188875	0.03702763	0.042697491	0.02792038	0.024150438	5.4807695e-06	
4.68	0.038042503	0.036888358	0.042558972	0.027785203	0.02410114	5.4675574e-06	
4.69	0.037896869	0.03674977	0.042421144	0.027650804	0.024052043	5.454405e-06	
4.7	0.037751969	0.036611864	0.042284002	0.027517179	0.024003147	5.441312e-06	
4.71	0.0376078	0.036474635	0.042147543	0.027384323	0.02395445	5.4282779e-06	
4.72	0.037464357	0.036338081	0.042011763	0.027252231	0.023905951	5.4153023e-06	
4.73	0.037321637	0.036202198	0.041876659	0.027120898	0.023857648	5.402385e-06	
4.74	0.037179635	0.036066983	0.041742228	0.026990321	0.023809541	5.3895255e-06	
4.75	0.037038349	0.035932431	0.041608466	0.026860493	0.023761628	5.3767234e-06	
4.76	0.036897773	0.035798541	0.041475369	0.02673141	0.023713908	5.3639784e-06	
4.77	0.036757904	0.035665307	0.041342934	0.026603069	0.02366638	5.3512902e-06	
4.78	0.036618739	0.035532728	0.041211157	0.026475463	0.023619042	5.3386584e-06	
4.79	0.036480273	0.035400799	0.041080036	0.026348588	0.023571895	5.3260825e-06	
4.8	0.036342503	0.035269517	0.040949566	0.026222441	0.023524935	5.3135624e-06	
4.81	0.036205424	0.035138879	0.040819745	0.026097015	0.023478163	5.3010976e-06	
4.82	0.036069034	0.035008881	0.040690568	0.025972307	0.023431578	5.2886877e-06	
4.83	0.035933328	0.034879521	0.040562033	0.025848313	0.023385177	5.2763325e-06	
4.84	0.035798303	0.034750794	0.040434136	0.025725027	0.02333896	5.2640316e-06	
4.85	0.035663955	0.034622697	0.040306874	0.025602445	0.023292926	5.2517846e-06	
4.86	0.03553028	0.034495228	0.040180243	0.025480562	0.023247074	5.2395912e-06	
4.87	0.035397274	0.034368382	0.040054239	0.025359375	0.023201403	5.2274512e-06	
4.88	0.035264934	0.034242157	0.039928861	0.025238879	0.023155911	5.2153641e-06	
4.89	0.035133256	0.034116548	0.039804103	0.02511907	0.023110597	5.2033296e-06	
4.9	0.035002237	0.033991554	0.039679963	0.024999942	0.023065462	5.1913474e-06	
4.91	0.034871873	0.03386717	0.039556438	0.024881493	0.023020502	5.1794172e-06	
4.92	0.034742159	0.033743394	0.039433525	0.024763717	0.022975718	5.1675387e-06	
4.93	0.034613093	0.033620222	0.039311219	0.02464661	0.022931109	5.1557115e-06	
4.94	0.034484671	0.03349765	0.039189518	0.024530169	0.022886673	5.1439353e-06	
4.95	0.03435689	0.033375676	0.039068418	0.024414388	0.022842409	5.1322098e-06	
4.96	0.034229745	0.033254297	0.038947917	0.024299264	0.022798317	5.1205348e-06	
4.97	0.034103234	0.033133509	0.038828011	0.024184792	0.022754394	5.1089098e-06	
4.98	0.033977352	0.033013309	0.038708696	0.024070969	0.022710642	5.0973347e-06	
4.99	0.033852097	0.032893694	0.03858997	0.02395779	0.022667057	5.085809e-06	
5	0.033727464	0.032774661	0.038471829	0.02384525	0.02262364	5.0743325e-06	
5.01	0.033603451	0.032656206	0.038354271	0.023733347	0.02258039	5.0629049e-06	
5.02	0.033480053	0.032538327	0.038237291	0.023622076	0.022537305	5.0515259e-06	
5.03	0.033357267	0.032421021	0.038120888	0.023511433	0.022494384	5.0401952e-06	
5.04	0.033235091	0.032304283	0.038005057	0.023401414	0.022451627	5.0289125e-06	
5.05	0.03311352	0.032188112	0.037889795	0.023292015	0.022409033	5.0176775e-06	
5.06	0.032992551	0.032072504	0.037775101	0.023183232	0.022366601	5.00649e-06	
5.07	0.03287218	0.031957456	0.037660969	0.023075061	0.022324329	4.9953495e-06	
5.08	0.032752405	0.031842965	0.037547398	0.022967499	0.022282217	4.984256e-06	
5.09	0.032633222	0.031729028	0.037434384	0.02286054	0.022240264	4.973209e-06	
5.1	0.032514627	0.031615641	0.037321924	0.022754182	0.022198469	4.9622084e-06	
5.11	0.032396618	0.031502803	0.037210015	0.022648421	0.022156831	4.9512537e-06	
5.12	0.03227919	0.03139051	0.037098654	0.022543253	0.02211535	4.9403448e-06	
5.13	0.032162342	0.031278759	0.036987839	0.022438674	0.022074024	4.9294814e-06	
5.14	0.032046068	0.031167546	0.036877565	0.02233468	0.022032852	4.9186632e-06	
5.15	0.031930367	0.03105687	0.03676783	0.022231268	0.021991835	4.9078899e-06	
5.16	0.031815235	0.030946727	0.036658632	0.022128434	0.021950969	4.8971613e-06	
5.17	0.031700668	0.030837114	0.036549967	0.022026174	0.021910256	4.8864772e-06	
5.18	0.031586664	0.030728028	0.036441831	0.021924484	0.021869694	4.8758371e-06	
5.19	0.031473219	0.030619467	0.036334224	0.021823362	0.021829282	4.865241e-06	
5.2	0.03136033	0.030511427	0.03622714	0.021722802	0.02178902	4.8546884e-06	
5.21	0.031247994	0.030403906	0.036120578	0.021622803	0.021748906	4.8441793e-06	
5.22	0.031136208	0.030296901	0.036014534	0.02152336	0.02170894	4.8337133e-06	
5.23	0.031024969	0.030190408	0.035909007	0.021424469	0.021669121	4.8232901e-06	
5.24	0.030914273	0.030084426	0.035803992	0.021326127	0.021629448	4.8129095e-06	
5.25	0.030804117	0.029978951	0.035699487	0.021228331	0.02158992	4.8025714e-06	
5.26	0.030694499	0.02987398	0.035595489	0.021131077	0.021550537	4.7922753e-06	
5.27	0.030585416	0.029769511	0.035491995	0.021034362	0.021511298	4.7820211e-06	
5.28	0.030476864	0.029665541	0.035389003	0.020938182	0.021472201	4.7718085e-06	
5.29	0.03036884	0.029562067	0.03528651	0.020842534	0.021433247	4.7616373e-06	
5.3	0.030261341	0.029459087	0.035184513	0.020747414	0.021394434	4.7515073e-06	
5.31	0.030154365	0.029356597	0.035083009	0.02065282	0.021355761	4.7414182e-06	
5.32	0.030047908	0.029254595	0.034981995	0.020558747	0.021317229	4.7313697e-06	
5.33	0.029941967	0.029153079	0.03488147	0.020465193	0.021278835	4.7213617e-06	
5.34	0.02983654	0.029052045	0.034781429	0.020372153	0.02124058	4.7113939e-06	
5.35	0.029731623	0.028951491	0.034681871	0.020279626	0.021202462	4.7014661e-06	
5.36	0.029627214	0.028851415	0.034582792	0.020187607	0.021164482	4.691578e-06	
5.37	0.029523309	0.028751813	0.03448419	0.020096094	0.021126637	4.6817294e-06	
5.38	0.029419907	0.028652683	0.034386063	0.020005083	0.021088928	4.6719201e-06	
5.39	0.029317003	0.028554022	0.034288408	0.01991457	0.021051353	4.6621499e-06	
5.4	0.029214596	0.028455828	0.034191221	0.019824554	0.021013912	4.6524186e-06	
5.41	0.029112681	0.028358098	0.034094501	0.01973503	0.020976605	4.6427258e-06	
5.42	0.029011257	0.02826083	0.033998245	0.019645996	0.020939429	4.6330715e-06	
5.43	0.028910321	0.028164021	0.03390245	0.019557448	0.020902386	4.6234553e-06	
5.44	0.02880987	0.028067669	0.033807114	0.019469384	0.020865474	4.6138772e-06	
5.45	0.028709901	0.02797177	0.033712234	0.0193818	0.020828692	4.6043367e-06	
5.46	0.028610411	0.027876323	0.033617807	0.019294693	0.02079204	4.5948338e-06	
5.47	0.028511398	0.027781325	0.033523832	0.01920806	0.020755517	4.5853683e-06	
5.48	0.028412859	0.027686773	0.033430305	0.019121899	0.020719122	4.5759398e-06	
5.49	0.028314791	0.027592666	0.033337225	0.019036205	0.020682854	4.5665483e-06	
5.5	0.028217192	0.027498999	0.033244587	0.018950977	0.020646714	4.5571935e-06	
5.51	0.028120059	0.027405772	0.033152391	0.018866212	0.0206107	4.5478751e-06	
5.52	0.028023388	0.027312982	0.033060634	0.018781905	0.020574812	4.5385931e-06	
5.53	0.027927179	0.027220625	0.032969313	0.018698056	0.020539048	4.5293471e-06	
5.54	0.027831427	0.027128701	0.032878426	0.01861466	0.020503409	4.5201371e-06	
5.55	0.027736131	0.027037205	0.03278797	0.018531714	0.020467894	4.5109627e-06	
5.56	0.027641287	0.026946137	0.032697943	0.018449217	0.020432502	4.5018238e-06	
5.57	0.027546894	0.026855494	0.032608343	0.018367165	0.020397232	4.4927202e-06	
5.58	0.027452948	0.026765272	0.032519166	0.018285555	0.020362084	4.4836517e-06	
5.59	0.027359448	0.026675471	0.032430412	0.018204384	0.020327056	4.4746181e-06	
5.6	0.02726639	0.026586087	0.032342077	0.01812365	0.02029215	4.4656193e-06	
5.61	0.027173772	0.026497119	0.03225416	0.01804335	0.020257363	4.4566549e-06	
5.62	0.027081591	0.026408563	0.032166657	0.017963482	0.020222696	4.4477249e-06	
5.63	0.026989846	0.026320418	0.032079566	0.017884042	0.020188147	4.438829e-06	
5.64	0.026898533	0.026232682	0.031992886	0.017805028	0.020153716	4.429967e-06	
5.65	0.02680765	0.026145352	0.031906614	0.017726437	0.020119403	4.4211388e-06	
5.66	0.026717195	0.026058425	0.031820748	0.017648266	0.020085206	4.4123442e-06	
5.67	0.026627165	0.025971901	0.031735285	0.017570514	0.020051126	4.403583e-06	
5.68	0.026537558	0.025885775	0.031650223	0.017493176	0.020017161	4.394855e-06	
5.69	0.026448372	0.025800047	0.03156556	0.017416252	0.019983311	4.3861601e-06	
5.7	0.026359603	0.025714714	0.031481294	0.017339737	0.019949576	4.377498e-06	
5.71	0.02627125	0.025629774	0.031397423	0.01726363	0.019915955	4.3688685e-06	
5.72	0.026183311	0.025545224	0.031313944	0.017187928	0.019882447	4.3602716e-06	
5.73	0.026095782	0.025461063	0.031230855	0.017112628	0.019849052	4.351707e-06	
5.74	0.026008662	0.025377288	0.031148154	0.017037728	0.019815768	4.3431745e-06	
5.75	0.025921949	0.025293897	0.031065838	0.016963226	0.019782597	4.334674e-06	
5.76	0.025835639	0.025210889	0.030983907	0.016889118	0.019749536	4.3262053e-06	
5.77	0.025749731	0.02512826	0.030902357	0.016815403	0.019716586	4.3177683e-06	
5.78	0.025664223	0.02504601	0.030821187	0.016742078	0.019683746	4.3093627e-06	
5.79	0.025579112	0.024964135	0.030740394	0.016669141	0.019651015	4.3009884e-06	
5.8	0.025494396	0.024882633	0.030659976	0.016596589	0.019618393	4.2926452e-06	
5.81	0.025410072	0.024801504	0.030579932	0.016524419	0.01958588	4.2843329e-06	
5.82	0.02532614	0.024720744	0.030500258	0.01645263	0.019553474	4.2760515e-06	
5.83	0.025242595	0.024640351	0.030420954	0.016381219	0.019521175	4.2678007e-06	
5.84	0.025159437	0.024560324	0.030342017	0.016310184	0.019488983	4.2595803e-06	
5.85	0.025076662	0.02448066	0.030263445	0.016239522	0.019456897	4.2513902e-06	
5.86	0.02499427	0.024401358	0.030185236	0.016169231	0.019424917	4.2432303e-06	
5.87	0.024912257	0.024322416	0.030107388	0.016099309	0.019393041	4.2351004e-06	
5.88	0.024830621	0.024243831	0.030029899	0.016029753	0.019361271	4.2270003e-06	
5.89	0.024749361	0.024165601	0.029952767	0.015960561	0.019329604	4.2189298e-06	
5.9	0.024668475	0.024087725	0.02987599	0.015891732	0.019298041	4.2108889e-06	
5.91	0.024587959	0.024010201	0.029799566	0.015823262	0.019266581	4.2028773e-06	
5.92	0.024507812	0.023933026	0.029723494	0.015755149	0.019235224	4.1948949e-06	
5.93	0.024428033	0.023856199	0.02964777	0.015687392	0.019203968	4.1869415e-06	
5.94	0.024348618	0.023779718	0.029572394	0.015619988	0.019172814	4.179017e-06	
5.95	0.024269567	0.023703581	0.029497363	0.015552934	0.019141761	4.1711213e-06	
5.96	0.024190876	0.023627787	0.029422676	0.01548623	0.019110809	4.1632541e-06	
5.97	0.024112544	0.023552332	0.029348331	0.015419872	0.019079957	4.1554154e-06	
5.98	0.024034569	0.023477215	0.029274325	0.015353858	0.019049204	4.147605e-06	
5.99	0.023956949	0.023402436	0.029200657	0.015288187	0.01901855	4.1398228e-06	
6	0.023879682	0.02332799	0.029127325	0.015222856	0.018987995	4.1320685e-06	
6.01	0.023802765	0.023253878	0.029054328	0.015157863	0.018957539	4.1243421e-06	
6.02	0.023726198	0.023180097	0.028981662	0.015093207	0.018927179	4.1166433e-06	
6.03	0.023649977	0.023106644	0.028909328	0.015028884	0.018896917	4.1089722e-06	
6.04	0.023574102	0.023033519	0.028837322	0.014964893	0.018866752	4.1013285e-06	
6.05	0.023498569	0.02296072	0.028765643	0.014901232	0.018836683	4.093712e-06	
6.06	0.023423378	0.022888245	0.028694289	0.014837899	0.01880671	4.0861227e-06	
6.07	0.023348526	0.022816091	0.028623258	0.014774892	0.018776832	4.0785604e-06	
6.08	0.023274012	0.022744258	0.028552549	0.014712209	0.018747049	4.0710249e-06	
6.09	0.023199833	0.022672743	0.02848216	0.014649848	0.01871736	4.0635162e-06	
6.1	0.023125988	0.022601546	0.02841209	0.014587807	0.018687766	4.056034e-06	
6.11	0.023052475	0.022530663	0.028342335	0.014526084	0.018658265	4.0485784e-06	
6.12	0.022979291	0.022460093	0.028272895	0.014464676	0.018628857	4.041149e-06	
6.13	0.022906436	0.022389836	0.028203768	0.014403583	0.018599541	4.0337458e-06	
6.14	0.022833907	0.022319888	0.028134953	0.014342803	0.018570318	4.0263686e-06	
6.15	0.022761703	0.022250248	0.028066446	0.014282332	0.018541187	4.0190174e-06	
6.16	0.022689821	0.022180915	0.027998248	0.014222171	0.018512147	4.0116919e-06	
6.17	0.02261826	0.022111888	0.027930356	0.014162315	0.018483198	4.0043921e-06	
6.18	0.022547019	0.022043163	0.027862769	0.014102765	0.018454339	3.9971178e-06	
6.19	0.022476095	0.02197474	0.027795484	0.014043517	0.018425571	3.9898689e-06	
6.2	0.022405486	0.021906617	0.027728501	0.01398457	0.018396892	3.9826453e-06	
6.21	0.022335192	0.021838792	0.027661817	0.013925923	0.018368302	3.9754468e-06	
6.22	0.022265209	0.021771264	0.027595431	0.013867573	0.018339801	3.9682733e-06	
6.23	0.022195538	0.021704031	0.027529342	0.013809519	0.018311389	3.9611247e-06	
6.24	0.022126174	0.021637092	0.027463548	0.013751758	0.018283064	3.9540009e-06	
6.25	0.022057118	0.021570445	0.027398046	0.01369429	0.018254828	3.9469017e-06	
6.26	0.021988368	0.021504088	0.027332837	0.013637112	0.018226678	3.939827e-06	
6.27	0.021919921	0.02143802	0.027267917	0.013580223	0.018198615	3.9327767e-06	
6.28	0.021851775	0.021372239	0.027203286	0.01352362	0.018170638	3.9257506e-06	
6.29	0.021783931	0.021306744	0.027138942	0.013467302	0.018142748	3.9187487e-06	
6.3	0.021716385	0.021241533	0.027074883	0.013411268	0.018114943	3.9117709e-06	
6.31	0.021649136	0.021176605	0.027011108	0.013355516	0.018087223	3.9048169e-06	
6.32	0.021582182	0.021111958	0.026947615	0.013300043	0.018059588	3.8978867e-06	
6.33	0.021515523	0.021047591	0.026884404	0.013244849	0.018032037	3.8909803e-06	
6.34	0.021449155	0.020983501	0.026821471	0.013189932	0.01800457	3.8840973e-06	
6.35	0.021383079	0.020919689	0.026758816	0.01313529	0.017977187	3.8772378e-06	
6.36	0.021317291	0.020856151	0.026696438	0.013080921	0.017949887	3.8704016e-06	
6.37	0.021251791	0.020792887	0.026634335	0.013026823	0.01792267	3.8635886e-06	
6.38	0.021186576	0.020729896	0.026572504	0.012972996	0.017895536	3.8567988e-06	
6.39	0.021121646	0.020667175	0.026510946	0.012919437	0.017868483	3.8500318e-06	
6.4	0.021056999	0.020604723	0.026449658	0.012866146	0.017841512	3.8432878e-06	
6.41	0.020992633	0.020542539	0.02638864	0.012813119	0.017814623	3.8365665e-06	
6.42	0.020928547	0.020480622	0.026327889	0.012760357	0.017787815	3.8298679e-06	
6.43	0.020864739	0.02041897	0.026267404	0.012707856	0.017761087	3.8231918e-06	
6.44	0.020801207	0.020357581	0.026207184	0.012655616	0.01773444	3.8165381e-06	
6.45	0.020737951	0.020296455	0.026147227	0.012603635	0.017707872	3.8099067e-06	
6.46	0.020674969	0.020235589	0.026087532	0.012551912	0.017681384	3.8032975e-06	
6.47	0.020612258	0.020174983	0.026028097	0.012500445	0.017654975	3.7967104e-06	
6.48	0.020549819	0.020114635	0.025968922	0.012449232	0.017628645	3.7901454e-06	
6.49	0.020487649	0.020054543	0.025910005	0.012398272	0.017602394	3.7836022e-06	
6.5	0.020425746	0.019994707	0.025851344	0.012347564	0.017576221	3.7770807e-06	
6.51	0.02036411	0.019935124	0.025792938	0.012297106	0.017550125	3.770581e-06	
6.52	0.020302739	0.019875794	0.025734786	0.012246896	0.017524107	3.7641028e-06	
6.53	0.020241632	0.019816716	0.025676886	0.012196933	0.017498166	3.7576461e-06	
6.54	0.020180786	0.019757887	0.025619238	0.012147216	0.017472301	3.7512107e-06	
6.55	0.020120202	0.019699307	0.025561839	0.012097743	0.017446513	3.7447966e-06	
6.56	0.020059876	0.019640975	0.025504688	0.012048513	0.017420802	3.7384036e-06	
6.57	0.019999809	0.019582888	0.025447785	0.011999525	0.017395166	3.7320317e-06	
6.58	0.019939998	0.019525046	0.025391127	0.011950776	0.017369605	3.7256808e-06	
6.59	0.019880442	0.019467447	0.025334714	0.011902265	0.017344119	3.7193507e-06	
6.6	0.01982114	0.019410091	0.025278544	0.011853992	0.017318708	3.7130414e-06	
6.61	0.01976209	0.019352975	0.025222616	0.011805954	0.017293372	3.7067527e-06	
6.62	0.019703292	0.019296099	0.025166929	0.011758151	0.017268109	3.7004846e-06	
6.63	0.019644743	0.019239461	0.025111481	0.011710581	0.01724292	3.6942369e-06	
6.64	0.019586442	0.019183061	0.025056271	0.011663242	0.017217805	3.6880096e-06	
6.65	0.019528389	0.019126896	0.025001298	0.011616134	0.017192763	3.6818026e-06	
6.66	0.019470581	0.019070965	0.024946561	0.011569254	0.017167794	3.6756157e-06	
6.67	0.019413018	0.019015268	0.024892059	0.011522603	0.017142897	3.6694489e-06	
6.68	0.019355698	0.018959804	0.024837789	0.011476177	0.017118072	3.6633021e-06	
6.69	0.01929862	0.01890457	0.024783752	0.011429976	0.017093319	3.6571752e-06	
6.7	0.019241782	0.018849565	0.024729945	0.011383999	0.017068638	3.6510681e-06	
6.71	0.019185184	0.01879479	0.024676368	0.011338245	0.017044027	3.6449806e-06	
6.72	0.019128823	0.018740241	0.02462302	0.011292711	0.017019488	3.6389128e-06	
6.73	0.0190727	0.018685919	0.024569898	0.011247397	0.016995019	3.6328645e-06	
6.74	0.019016812	0.018631821	0.024517003	0.011202302	0.016970621	3.6268356e-06	
6.75	0.018961158	0.018577948	0.024464332	0.011157424	0.016946293	3.6208261e-06	
6.76	0.018905737	0.018524297	0.024411886	0.011112761	0.016922034	3.6148358e-06	
6.77	0.018850548	0.018470867	0.024359662	0.011068314	0.016897845	3.6088646e-06	
6.78	0.018795589	0.018417658	0.024307659	0.01102408	0.016873725	3.6029125e-06	
6.79	0.01874086	0.018364668	0.024255876	0.010980059	0.016849673	3.5969794e-06	
6.8	0.018686359	0.018311896	0.024204313	0.010936248	0.01682569	3.5910652e-06	
6.81	0.018632085	0.018259341	0.024152967	0.010892647	0.016801776	3.5851698e-06	
6.82	0.018578037	0.018207002	0.024101839	0.010849255	0.016777929	3.579293e-06	
6.83	0.018524213	0.018154877	0.024050926	0.010806071	0.01675415	3.573435e-06	
6.84	0.018470613	0.018102966	0.024000228	0.010763092	0.016730438	3.5675954e-06	
6.85	0.018417234	0.018051267	0.023949743	0.010720319	0.016706793	3.5617743e-06	
6.86	0.018364077	0.017999779	0.023899471	0.010677749	0.016683215	3.5559716e-06	
6.87	0.01831114	0.017948502	0.02384941	0.010635383	0.016659704	3.5501872e-06	
6.88	0.018258422	0.017897434	0.023799559	0.010593218	0.016636259	3.544421e-06	
6.89	0.018205921	0.017846574	0.023749918	0.010551253	0.016612879	3.5386729e-06	
6.9	0.018153636	0.017795922	0.023700484	0.010509487	0.016589566	3.5329428e-06	
6.91	0.018101567	0.017745475	0.023651258	0.01046792	0.016566318	3.5272307e-06	
6.92	0.018049712	0.017695233	0.023602238	0.01042655	0.016543134	3.5215364e-06	
6.93	0.01799807	0.017645195	0.023553422	0.010385375	0.016520016	3.51586e-06	
6.94	0.01794664	0.017595359	0.023504811	0.010344396	0.016496962	3.5102012e-06	
6.95	0.017895421	0.017545726	0.023456402	0.01030361	0.016473973	3.5045601e-06	
6.96	0.017844412	0.017496293	0.023408195	0.010263016	0.016451047	3.4989366e-06	
6.97	0.017793612	0.01744706	0.023360189	0.010222615	0.016428186	3.4933305e-06	
6.98	0.017743019	0.017398025	0.023312383	0.010182403	0.016405387	3.4877418e-06	
6.99	0.017692633	0.017349188	0.023264775	0.010142381	0.016382652	3.4821704e-06	
7	0.017642452	0.017300548	0.023217366	0.010102547	0.01635998	3.4766162e-06	
7.01	0.017592475	0.017252104	0.023170153	0.0100629	0.016337371	3.4710792e-06	
7.02	0.017542702	0.017203854	0.023123135	0.01002344	0.016314824	3.4655593e-06	
7.03	0.017493131	0.017155798	0.023076313	0.0099841641	0.016292339	3.4600564e-06	
7.04	0.017443762	0.017107935	0.023029684	0.0099450727	0.016269916	3.4545704e-06	
7.05	0.017394592	0.017060263	0.022983248	0.0099061642	0.016247555	3.4491013e-06	
7.06	0.017345622	0.017012782	0.022937004	0.0098674377	0.016225256	3.4436489e-06	
7.07	0.01729685	0.016965491	0.022890951	0.0098288922	0.016203017	3.4382132e-06	
7.08	0.017248275	0.016918388	0.022845088	0.0097905266	0.016180839	3.4327942e-06	
7.09	0.017199896	0.016871474	0.022799413	0.00975234	0.016158722	3.4273917e-06	
7.1	0.017151713	0.016824746	0.022753927	0.0097143313	0.016136666	3.4220057e-06	
7.11	0.017103723	0.016778205	0.022708628	0.0096764995	0.016114669	3.4166361e-06	
7.12	0.017055927	0.016731848	0.022663515	0.0096388437	0.016092733	3.4112828e-06	
7.13	0.017008323	0.016685675	0.022618587	0.0096013628	0.016070856	3.4059458e-06	
7.14	0.01696091	0.016639686	0.022573843	0.0095640559	0.016049038	3.4006249e-06	
7.15	0.016913687	0.016593879	0.022529282	0.0095269221	0.01602728	3.3953202e-06	
7.16	0.016866653	0.016548253	0.022484904	0.0094899603	0.016005581	3.3900315e-06	
7.17	0.016819808	0.016502808	0.022440708	0.0094531696	0.01598394	3.3847588e-06	
7.18	0.01677315	0.016457542	0.022396692	0.009416549	0.015962358	3.379502e-06	
7.19	0.016726678	0.016412455	0.022352856	0.0093800976	0.015940834	3.3742611e-06	
7.2	0.016680392	0.016367545	0.022309198	0.0093438145	0.015919368	3.3690359e-06	
7.21	0.01663429	0.016322812	0.022265719	0.0093076987	0.01589796	3.3638264e-06	
7.22	0.016588371	0.016278255	0.022222417	0.0092717494	0.015876609	3.3586325e-06	
7.23	0.016542636	0.016233874	0.02217929	0.0092359655	0.015855316	3.3534542e-06	
7.24	0.016497082	0.016189666	0.022136339	0.0092003461	0.015834079	3.3482913e-06	
7.25	0.016451708	0.016145632	0.022093563	0.0091648905	0.0158129	3.3431439e-06	
7.26	0.016406515	0.01610177	0.02205096	0.0091295975	0.015791777	3.3380118e-06	
7.27	0.0163615	0.01605808	0.022008529	0.0090944665	0.01577071	3.3328951e-06	
7.28	0.016316663	0.01601456	0.021966271	0.0090594964	0.0157497	3.3277935e-06	
7.29	0.016272004	0.015971211	0.021924183	0.0090246863	0.015728746	3.3227071e-06	
7.3	0.01622752	0.01592803	0.021882266	0.0089900355	0.015707847	3.3176358e-06	
7.31	0.016183213	0.015885018	0.021840518	0.008955543	0.015687004	3.3125795e-06	
7.32	0.016139079	0.015842173	0.021798938	0.008921208	0.015666216	3.3075382e-06	
7.33	0.016095119	0.015799494	0.021757527	0.0088870295	0.015645483	3.3025118e-06	
7.34	0.016051332	0.015756981	0.021716281	0.0088530068	0.015624805	3.2975002e-06	
7.35	0.016007717	0.015714633	0.021675202	0.0088191389	0.015604181	3.2925033e-06	
7.36	0.015964272	0.01567245	0.021634288	0.0087854251	0.015583612	3.2875212e-06	
7.37	0.015920998	0.015630429	0.021593539	0.0087518645	0.015563097	3.2825537e-06	
7.38	0.015877893	0.015588571	0.021552953	0.0087184562	0.015542636	3.2776008e-06	
7.39	0.015834957	0.015546875	0.02151253	0.0086851995	0.015522229	3.2726624e-06	
7.4	0.015792188	0.015505339	0.021472269	0.0086520935	0.015501875	3.2677384e-06	
7.41	0.015749585	0.015463964	0.021432169	0.0086191373	0.015481575	3.2628288e-06	
7.42	0.015707149	0.015422748	0.021392229	0.0085863302	0.015461328	3.2579336e-06	
7.43	0.015664878	0.01538169	0.021352449	0.0085536713	0.015441133	3.2530526e-06	
7.44	0.015622771	0.01534079	0.021312828	0.0085211599	0.015420992	3.2481859e-06	
7.45	0.015580828	0.015300047	0.021273365	0.0084887952	0.015400903	3.2433332e-06	
7.46	0.015539047	0.01525946	0.02123406	0.0084565763	0.015380866	3.2384947e-06	
7.47	0.015497428	0.015219029	0.02119491	0.0084245025	0.015360881	3.2336702e-06	
7.48	0.01545597	0.015178752	0.021155917	0.0083925729	0.015340948	3.2288597e-06	
7.49	0.015414673	0.015138629	0.021117079	0.0083607868	0.015321067	3.224063e-06	
7.5	0.015373535	0.01509866	0.021078395	0.0083291435	0.015301237	3.2192803e-06	
7.51	0.015332555	0.015058843	0.021039864	0.0082976421	0.015281459	3.2145113e-06	
7.52	0.015291734	0.015019177	0.021001487	0.008266282	0.015261731	3.209756e-06	
7.53	0.015251069	0.014979662	0.020963261	0.0082350622	0.015242055	3.2050144e-06	
7.54	0.015210561	0.014940298	0.020925187	0.0082039821	0.015222429	3.2002865e-06	
7.55	0.015170208	0.014901083	0.020887263	0.008173041	0.015202854	3.1955721e-06	
7.56	0.015130011	0.014862017	0.020849489	0.008142238	0.015183329	3.1908712e-06	
7.57	0.015089967	0.014823099	0.020811865	0.0081115724	0.015163854	3.1861837e-06	
7.58	0.015050076	0.014784328	0.020774389	0.0080810436	0.015144429	3.1815096e-06	
7.59	0.015010338	0.014745703	0.02073706	0.0080506507	0.015125053	3.1768489e-06	
7.6	0.014970752	0.014707225	0.020699879	0.0080203931	0.015105728	3.1722014e-06	
7.61	0.014931317	0.014668892	0.020662844	0.00799027	0.015086451	3.1675672e-06	
7.62	0.014892032	0.014630703	0.020625954	0.0079602807	0.015067224	3.1629462e-06	
7.63	0.014852897	0.014592658	0.02058921	0.0079304244	0.015048046	3.1583382e-06	
7.64	0.014813911	0.014554756	0.02055261	0.0079007006	0.015028916	3.1537433e-06	
7.65	0.014775073	0.014516997	0.020516153	0.0078711084	0.015009835	3.1491614e-06	
7.66	0.014736382	0.014479379	0.020479839	0.0078416472	0.014990802	3.1445925e-06	
7.67	0.014697837	0.014441902	0.020443667	0.0078123162	0.014971818	3.1400365e-06	
7.68	0.014659439	0.014404566	0.020407637	0.0077831149	0.014952882	3.1354933e-06	
7.69	0.014621186	0.014367369	0.020371748	0.0077540424	0.014933993	3.1309629e-06	
7.7	0.014583078	0.014330311	0.020335999	0.0077250981	0.014915153	3.1264452e-06	
7.71	0.014545113	0.014293392	0.020300389	0.0076962814	0.014896359	3.1219402e-06	
7.72	0.014507292	0.01425661	0.020264918	0.0076675916	0.014877613	3.1174479e-06	
7.73	0.014469613	0.014219965	0.020229586	0.0076390279	0.014858914	3.1129681e-06	
7.74	0.014432076	0.014183457	0.02019439	0.0076105897	0.014840263	3.1085009e-06	
7.75	0.01439468	0.014147084	0.020159332	0.0075822764	0.014821657	3.1040462e-06	
7.76	0.014357424	0.014110847	0.02012441	0.0075540873	0.014803099	3.0996038e-06	
7.77	0.014320308	0.014074744	0.020089624	0.0075260218	0.014784587	3.0951739e-06	
7.78	0.014283331	0.014038775	0.020054973	0.0074980791	0.014766121	3.0907563e-06	
7.79	0.014246492	0.014002938	0.020020456	0.0074702587	0.014747701	3.0863509e-06	
7.8	0.014209792	0.013967235	0.019986072	0.0074425599	0.014729327	3.0819578e-06	
7.81	0.014173228	0.013931663	0.019951822	0.0074149821	0.014710999	3.0775769e-06	
7.82	0.014136801	0.013896223	0.019917704	0.0073875246	0.014692717	3.0732081e-06	
7.83	0.014100509	0.013860913	0.019883718	0.0073601868	0.01467448	3.0688514e-06	
7.84	0.014064352	0.013825733	0.019849864	0.007332968	0.014656288	3.0645067e-06	
7.85	0.01402833	0.013790683	0.019816139	0.0073058678	0.014638141	3.0601739e-06	
7.86	0.013992442	0.013755761	0.019782545	0.0072788854	0.014620039	3.0558531e-06	
7.87	0.013956687	0.013720968	0.01974908	0.0072520201	0.014601982	3.0515442e-06	
7.88	0.013921065	0.013686302	0.019715744	0.0072252716	0.014583969	3.0472472e-06	
7.89	0.013885574	0.013651763	0.019682537	0.007198639	0.014566001	3.0429619e-06	
7.9	0.013850215	0.013617351	0.019649456	0.0071721218	0.014548076	3.0386884e-06	
7.91	0.013814986	0.013583064	0.019616503	0.0071457194	0.014530196	3.0344265e-06	
7.92	0.013779887	0.013548903	0.019583676	0.0071194312	0.01451236	3.0301763e-06	
7.93	0.013744918	0.013514866	0.019550975	0.0070932566	0.014494568	3.0259377e-06	
7.94	0.013710078	0.013480954	0.0195184	0.007067195	0.014476819	3.0217107e-06	
7.95	0.013675365	0.013447164	0.019485949	0.0070412459	0.014459114	3.0174952e-06	
7.96	0.013640781	0.013413498	0.019453622	0.0070154086	0.014441452	3.0132911e-06	
7.97	0.013606323	0.013379954	0.019421418	0.0069896826	0.014423833	3.0090985e-06	
7.98	0.013571992	0.013346532	0.019389338	0.0069640673	0.014406257	3.0049172e-06	
7.99	0.013537786	0.013313231	0.019357379	0.0069385621	0.014388724	3.0007472e-06	
8	0.013503706	0.01328005	0.019325543	0.0069131664	0.014371233	2.9965886e-06	
8.01	0.01346975	0.01324699	0.019293828	0.0068878798	0.014353785	2.9924411e-06	
8.02	0.013435919	0.013214049	0.019262234	0.0068627016	0.014336379	2.9883049e-06	
8.03	0.01340221	0.013181226	0.019230759	0.0068376313	0.014319015	2.9841798e-06	
8.04	0.013368625	0.013148523	0.019199405	0.0068126683	0.014301694	2.9800658e-06	
8.05	0.013335162	0.013115937	0.019168169	0.006787812	0.014284414	2.9759629e-06	
8.06	0.01330182	0.013083468	0.019137052	0.006763062	0.014267176	2.9718709e-06	
8.07	0.0132686	0.013051116	0.019106053	0.0067384177	0.014249979	2.96779e-06	
8.08	0.0132355	0.013018881	0.019075171	0.0067138785	0.014232824	2.96372e-06	
8.09	0.01320252	0.012986761	0.019044406	0.0066894439	0.01421571	2.9596609e-06	
8.1	0.01316966	0.012954756	0.019013758	0.0066651134	0.014198638	2.9556126e-06	
8.11	0.013136919	0.012922865	0.018983225	0.0066408863	0.014181606	2.9515751e-06	
8.12	0.013104296	0.012891089	0.018952808	0.0066167623	0.014164615	2.9475484e-06	
8.13	0.01307179	0.012859427	0.018922505	0.0065927408	0.014147665	2.9435324e-06	
8.14	0.013039402	0.012827877	0.018892317	0.0065688212	0.014130755	2.939527e-06	
8.15	0.013007131	0.01279644	0.018862242	0.0065450031	0.014113886	2.9355323e-06	
8.16	0.012974976	0.012765114	0.018832281	0.0065212859	0.014097057	2.9315482e-06	
8.17	0.012942936	0.012733901	0.018802432	0.0064976691	0.014080268	2.9275747e-06	
8.18	0.012911011	0.012702798	0.018772695	0.0064741522	0.014063518	2.9236116e-06	
8.19	0.012879201	0.012671806	0.018743071	0.0064507347	0.014046809	2.9196591e-06	
8.2	0.012847505	0.012640923	0.018713557	0.0064274161	0.01403014	2.9157169e-06	
8.21	0.012815923	0.01261015	0.018684154	0.0064041959	0.014013509	2.9117852e-06	
8.22	0.012784453	0.012579486	0.018654861	0.0063810735	0.013996919	2.9078638e-06	
8.23	0.012753096	0.012548931	0.018625678	0.0063580486	0.013980367	2.9039527e-06	
8.24	0.012721851	0.012518483	0.018596605	0.0063351205	0.013963855	2.9000518e-06	
8.25	0.012690717	0.012488143	0.018567639	0.0063122889	0.013947381	2.8961612e-06	
8.26	0.012659694	0.01245791	0.018538783	0.0062895532	0.013930947	2.8922808e-06	
8.27	0.012628781	0.012427783	0.018510033	0.006266913	0.013914551	2.8884106e-06	
8.28	0.012597978	0.012397762	0.018481392	0.0062443677	0.013898194	2.8845504e-06	
8.29	0.012567285	0.012367847	0.018452856	0.006221917	0.013881875	2.8807003e-06	
8.3	0.0125367	0.012338037	0.018424428	0.0061995602	0.013865594	2.8768603e-06	
8.31	0.012506224	0.012308331	0.018396105	0.006177297	0.013849352	2.8730302e-06	
8.32	0.012475856	0.01227873	0.018367887	0.0061551268	0.013833147	2.8692102e-06	
8.33	0.012445595	0.012249232	0.018339774	0.0061330493	0.013816981	2.8654e-06	
8.34	0.012415441	0.012219837	0.018311766	0.0061110639	0.013800852	2.8615997e-06	
8.35	0.012385393	0.012190545	0.018283862	0.0060891702	0.01378476	2.8578093e-06	
8.36	0.012355452	0.012161355	0.018256061	0.0060673677	0.013768707	2.8540286e-06	
8.37	0.012325615	0.012132267	0.018228363	0.006045656	0.01375269	2.8502577e-06	
8.38	0.012295884	0.01210328	0.018200768	0.0060240346	0.013736711	2.8464966e-06	
8.39	0.012266257	0.012074394	0.018173274	0.0060025031	0.013720769	2.8427452e-06	
8.4	0.012236734	0.012045609	0.018145883	0.005981061	0.013704864	2.8390034e-06	
8.41	0.012207315	0.012016923	0.018118593	0.0059597079	0.013688996	2.8352712e-06	
8.42	0.012177998	0.011988337	0.018091403	0.0059384434	0.013673164	2.8315487e-06	
8.43	0.012148785	0.01195985	0.018064314	0.0059172669	0.013657369	2.8278356e-06	
8.44	0.012119673	0.011931462	0.018037325	0.0058961781	0.013641611	2.8241321e-06	
8.45	0.012090663	0.011903171	0.018010435	0.0058751765	0.013625888	2.8204381e-06	
8.46	0.012061755	0.011874979	0.017983645	0.0058542617	0.013610202	2.8167535e-06	
8.47	0.012032947	0.011846884	0.017956952	0.0058334333	0.013594552	2.8130783e-06	
8.48	0.012004239	0.011818885	0.017930358	0.0058126908	0.013578938	2.8094125e-06	
8.49	0.011975631	0.011790983	0.017903862	0.0057920338	0.01356336	2.805756e-06	
8.5	0.011947123	0.011763177	0.017877463	0.0057714619	0.013547818	2.8021089e-06	
8.51	0.011918713	0.011735467	0.017851161	0.0057509747	0.013532311	2.7984709e-06	
8.52	0.011890402	0.011707852	0.017824955	0.0057305717	0.013516839	2.7948423e-06	
8.53	0.011862189	0.011680331	0.017798846	0.0057102526	0.013501403	2.7912228e-06	
8.54	0.011834074	0.011652905	0.017772832	0.0056900169	0.013486003	2.7876125e-06	
8.55	0.011806056	0.011625572	0.017746913	0.0056698643	0.013470637	2.7840113e-06	
8.56	0.011778135	0.011598334	0.017721089	0.0056497942	0.013455306	2.7804192e-06	
8.57	0.01175031	0.011571188	0.017695359	0.0056298064	0.01344001	2.7768362e-06	
8.58	0.01172258	0.011544135	0.017669723	0.0056099003	0.013424749	2.7732622e-06	
8.59	0.011694947	0.011517174	0.017644181	0.0055900757	0.013409522	2.7696972e-06	
8.6	0.011667408	0.011490305	0.017618732	0.0055703321	0.01339433	2.7661411e-06	
8.61	0.011639964	0.011463527	0.017593376	0.0055506691	0.013379173	2.762594e-06	
8.62	0.011612614	0.01143684	0.017568112	0.0055310863	0.013364049	2.7590558e-06	
8.63	0.011585358	0.011410244	0.01754294	0.0055115833	0.01334896	2.7555264e-06	
8.64	0.011558195	0.011383738	0.01751786	0.0054921598	0.013333905	2.7520059e-06	
8.65	0.011531126	0.011357322	0.01749287	0.0054728153	0.013318883	2.7484942e-06	
8.66	0.011504148	0.011330996	0.017467972	0.0054535495	0.013303896	2.7449912e-06	
8.67	0.011477263	0.011304758	0.017443164	0.0054343619	0.013288942	2.741497e-06	
8.68	0.01145047	0.01127861	0.017418445	0.0054152523	0.013274022	2.7380115e-06	
8.69	0.011423768	0.011252549	0.017393817	0.0053962202	0.013259135	2.7345346e-06	
8.7	0.011397157	0.011226576	0.017369277	0.0053772653	0.013244282	2.7310664e-06	
8.71	0.011370636	0.011200691	0.017344827	0.0053583871	0.013229462	2.7276068e-06	
8.72	0.011344205	0.011174893	0.017320465	0.0053395853	0.013214675	2.7241557e-06	
8.73	0.011317864	0.011149182	0.017296191	0.0053208596	0.013199921	2.7207132e-06	
8.74	0.011291613	0.011123556	0.017272004	0.0053022095	0.0131852	2.7172792e-06	
8.75	0.01126545	0.011098017	0.017247905	0.0052836348	0.013170511	2.7138537e-06	
8.76	0.011239376	0.011072564	0.017223893	0.005265135	0.013155856	2.7104367e-06	
8.77	0.01121339	0.011047196	0.017199968	0.0052467097	0.013141233	2.707028e-06	
8.78	0.011187492	0.011021913	0.017176128	0.0052283587	0.013126642	2.7036278e-06	
8.79	0.011161681	0.010996714	0.017152375	0.0052100816	0.013112084	2.7002359e-06	
8.8	0.011135957	0.010971599	0.017128707	0.0051918779	0.013097558	2.6968523e-06	
8.81	0.01111032	0.010946568	0.017105124	0.0051737474	0.013083064	2.6934771e-06	
8.82	0.011084769	0.010921621	0.017081626	0.0051556898	0.013068603	2.6901101e-06	
8.83	0.011059304	0.010896756	0.017058212	0.0051377046	0.013054173	2.6867513e-06	
8.84	0.011033924	0.010871974	0.017034883	0.0051197914	0.013039775	2.6834008e-06	
8.85	0.011008629	0.010847275	0.017011637	0.0051019501	0.013025409	2.6800584e-06	
8.86	0.010983419	0.010822657	0.016988474	0.0050841802	0.013011074	2.6767242e-06	
8.87	0.010958294	0.010798121	0.016965394	0.0050664813	0.012996771	2.6733981e-06	
8.88	0.010933253	0.010773667	0.016942397	0.0050488532	0.012982499	2.6700801e-06	
8.89	0.010908295	0.010749293	0.016919483	0.0050312956	0.012968259	2.6667702e-06	
8.9	0.01088342	0.010725	0.01689665	0.0050138079	0.01295405	2.6634683e-06	
8.91	0.010858628	0.010700787	0.016873899	0.00499639	0.012939872	2.6601744e-06	
8.92	0.010833919	0.010676654	0.016851229	0.0049790416	0.012925725	2.6568884e-06	
8.93	0.010809292	0.010652601	0.01682864	0.0049617622	0.012911608	2.6536105e-06	
8.94	0.010784747	0.010628627	0.016806131	0.0049445515	0.012897523	2.6503404e-06	
8.95	0.010760284	0.010604731	0.016783703	0.0049274093	0.012883468	2.6470782e-06	
8.96	0.010735902	0.010580914	0.016761355	0.0049103351	0.012869444	2.6438239e-06	
8.97	0.0107116	0.010557176	0.016739086	0.0048933288	0.012855451	2.6405775e-06	
8.98	0.010687379	0.010533515	0.016716896	0.0048763898	0.012841488	2.6373388e-06	
8.99	0.010663238	0.010509932	0.016694786	0.0048595181	0.012827555	2.634108e-06	
9	0.010639176	0.010486426	0.016672754	0.0048427131	0.012813652	2.6308848e-06	
9.01	0.010615194	0.010462997	0.0166508	0.0048259746	0.012799779	2.6276694e-06	
9.02	0.010591292	0.010439644	0.016628924	0.0048093024	0.012785937	2.6244617e-06	
9.03	0.010567467	0.010416368	0.016607126	0.004792696	0.012772124	2.6212617e-06	
9.04	0.010543722	0.010393167	0.016585405	0.0047761552	0.012758341	2.6180693e-06	
9.05	0.010520054	0.010370042	0.016563761	0.0047596796	0.012744588	2.6148846e-06	
9.06	0.010496464	0.010346993	0.016542194	0.004743269	0.012730865	2.6117074e-06	
9.07	0.010472952	0.010324018	0.016520703	0.004726923	0.012717171	2.6085378e-06	
9.08	0.010449516	0.010301118	0.016499288	0.0047106414	0.012703506	2.6053757e-06	
9.09	0.010426158	0.010278292	0.016477949	0.0046944239	0.012689871	2.6022212e-06	
9.1	0.010402875	0.01025554	0.016456685	0.00467827	0.012676265	2.5990741e-06	
9.11	0.010379669	0.010232862	0.016435496	0.0046621796	0.012662688	2.5959345e-06	
9.12	0.010356539	0.010210257	0.016414382	0.0046461524	0.01264914	2.5928023e-06	
9.13	0.010333484	0.010187726	0.016393342	0.004630188	0.012635622	2.5896775e-06	
9.14	0.010310504	0.010165267	0.016372377	0.0046142862	0.012622132	2.5865601e-06	
9.15	0.010287599	0.01014288	0.016351485	0.0045984467	0.01260867	2.5834501e-06	
9.16	0.010264768	0.010120566	0.016330667	0.0045826691	0.012595238	2.5803474e-06	
9.17	0.010242012	0.010098324	0.016309923	0.0045669532	0.012581834	2.577252e-06	
9.18	0.010219329	0.010076153	0.016289251	0.0045512987	0.012568459	2.5741638e-06	
9.19	0.01019672	0.010054053	0.016268652	0.0045357054	0.012555112	2.571083e-06	
9.2	0.010174184	0.010032025	0.016248125	0.0045201729	0.012541793	2.5680093e-06	
9.21	0.010151721	0.010010066	0.01622767	0.0045047009	0.012528502	2.5649429e-06	
9.22	0.010129331	0.0099881788	0.016207287	0.0044892892	0.01251524	2.5618836e-06	
9.23	0.010107013	0.0099663612	0.016186976	0.0044739375	0.012502006	2.5588315e-06	
9.24	0.010084768	0.0099446134	0.016166736	0.0044586455	0.0124888	2.5557865e-06	
9.25	0.010062593	0.0099229351	0.016146566	0.0044434129	0.012475621	2.5527486e-06	
9.26	0.010040491	0.0099013259	0.016126468	0.0044282395	0.01246247	2.5497178e-06	
9.27	0.010018459	0.0098797857	0.016106439	0.0044131251	0.012449347	2.5466941e-06	
9.28	0.0099964981	0.0098583141	0.016086481	0.0043980692	0.012436252	2.5436774e-06	
9.29	0.0099746078	0.0098369109	0.016066592	0.0043830717	0.012423184	2.5406677e-06	
9.3	0.0099527877	0.0098155757	0.016046773	0.0043681322	0.012410144	2.537665e-06	
9.31	0.0099310375	0.0097943082	0.016027023	0.0043532506	0.012397131	2.5346692e-06	
9.32	0.009909357	0.0097731083	0.016007342	0.0043384265	0.012384145	2.5316804e-06	
9.33	0.0098877458	0.0097519756	0.01598773	0.0043236597	0.012371186	2.5286985e-06	
9.34	0.0098662037	0.0097309098	0.015968186	0.0043089499	0.012358255	2.5257235e-06	
9.35	0.0098447304	0.0097099107	0.01594871	0.0042942969	0.01234535	2.5227553e-06	
9.36	0.0098233255	0.009688978	0.015929302	0.0042797004	0.012332473	2.519794e-06	
9.37	0.0098019889	0.0096681114	0.015909962	0.0042651601	0.012319622	2.5168395e-06	
9.38	0.0097807202	0.0096473107	0.015890688	0.0042506758	0.012306798	2.5138918e-06	
9.39	0.0097595191	0.0096265755	0.015871482	0.0042362473	0.012294	2.5109509e-06	
9.4	0.0097383853	0.0096059057	0.015852343	0.0042218742	0.01228123	2.5080167e-06	
9.41	0.0097173187	0.0095853009	0.01583327	0.0042075563	0.012268485	2.5050893e-06	
9.42	0.0096963188	0.0095647608	0.015814263	0.0041932935	0.012255768	2.5021686e-06	
9.43	0.0096753855	0.0095442853	0.015795322	0.0041790853	0.012243076	2.4992545e-06	
9.44	0.0096545184	0.009523874	0.015776447	0.0041649316	0.012230411	2.4963471e-06	
9.45	0.0096337174	0.0095035267	0.015757637	0.0041508321	0.012217772	2.4934463e-06	
9.46	0.009612982	0.0094832431	0.015738893	0.0041367866	0.012205159	2.4905522e-06	
9.47	0.009592312	0.0094630229	0.015720213	0.0041227948	0.012192572	2.4876646e-06	
9.48	0.0095717073	0.009442866	0.015701598	0.0041088565	0.012180011	2.4847836e-06	
9.49	0.0095511674	0.009422772	0.015683048	0.0040949715	0.012167476	2.4819092e-06	
9.5	0.0095306921	0.0094027408	0.015664561	0.0040811395	0.012154966	2.4790413e-06	
9.51	0.0095102813	0.0093827719	0.015646139	0.0040673602	0.012142482	2.4761799e-06	
9.52	0.0094899345	0.0093628652	0.01562778	0.0040536335	0.012130024	2.4733249e-06	
9.53	0.0094696516	0.0093430205	0.015609484	0.004039959	0.012117592	2.4704765e-06	
9.54	0.0094494323	0.0093232374	0.015591252	0.0040263366	0.012105185	2.4676344e-06	
9.55	0.0094292763	0.0093035158	0.015573082	0.004012766	0.012092803	2.4647988e-06	
9.56	0.0094091833	0.0092838553	0.015554975	0.003999247	0.012080447	2.4619696e-06	
9.57	0.0093891532	0.0092642558	0.015536931	0.0039857794	0.012068115	2.4591468e-06	
9.58	0.0093691856	0.009244717	0.015518948	0.0039723629	0.012055809	2.4563303e-06	
9.59	0.0093492803	0.0092252386	0.015501028	0.0039589972	0.012043528	2.4535201e-06	
9.6	0.0093294371	0.0092058204	0.015483169	0.0039456823	0.012031272	2.4507163e-06	
9.61	0.0093096556	0.0091864622	0.015465372	0.0039324177	0.012019041	2.4479188e-06	
9.62	0.0092899357	0.0091671637	0.015447636	0.0039192034	0.012006835	2.4451275e-06	
9.63	0.0092702771	0.0091479246	0.01542996	0.0039060391	0.011994654	2.4423424e-06	
9.64	0.0092506795	0.0091287448	0.015412346	0.0038929245	0.011982497	2.4395636e-06	
9.65	0.0092311427	0.009109624	0.015394792	0.0038798595	0.011970365	2.436791e-06	
9.66	0.0092116665	0.009090562	0.015377298	0.0038668438	0.011958257	2.4340246e-06	
9.67	0.0091922506	0.0090715585	0.015359864	0.0038538771	0.011946174	2.4312644e-06	
9.68	0.0091728947	0.0090526133	0.01534249	0.0038409594	0.011934115	2.4285103e-06	
9.69	0.0091535987	0.0090337261	0.015325176	0.0038280903	0.011922081	2.4257623e-06	
9.7	0.0091343622	0.0090148968	0.01530792	0.0038152697	0.011910071	2.4230205e-06	
9.71	0.0091151851	0.0089961251	0.015290724	0.0038024973	0.011898085	2.4202847e-06	
9.72	0.0090960671	0.0089774107	0.015273587	0.0037897729	0.011886123	2.417555e-06	
9.73	0.0090770079	0.0089587535	0.015256508	0.0037770963	0.011874185	2.4148313e-06	
9.74	0.0090580074	0.0089401532	0.015239488	0.0037644673	0.011862271	2.4121137e-06	
9.75	0.0090390653	0.0089216096	0.015222526	0.0037518857	0.011850381	2.4094021e-06	
9.76	0.0090201813	0.0089031224	0.015205622	0.0037393512	0.011838515	2.4066964e-06	
9.77	0.0090013553	0.0088846915	0.015188775	0.0037268637	0.011826672	2.4039968e-06	
9.78	0.0089825869	0.0088663166	0.015171986	0.0037144229	0.011814853	2.4013031e-06	
9.79	0.008963876	0.0088479975	0.015155255	0.0037020287	0.011803058	2.3986153e-06	
9.8	0.0089452223	0.0088297339	0.01513858	0.0036896809	0.011791286	2.3959334e-06	
9.81	0.0089266257	0.0088115257	0.015121962	0.0036773791	0.011779538	2.3932574e-06	
9.82	0.0089080858	0.0087933727	0.015105401	0.0036651233	0.011767813	2.3905873e-06	
9.83	0.0088896025	0.0087752745	0.015088896	0.0036529133	0.011756112	2.387923e-06	
9.84	0.0088711755	0.0087572311	0.015072448	0.0036407487	0.011744433	2.3852646e-06	
9.85	0.0088528046	0.0087392421	0.015056055	0.0036286295	0.011732778	2.382612e-06	
9.86	0.0088344895	0.0087213074	0.015039718	0.0036165554	0.011721146	2.3799652e-06	
9.87	0.0088162302	0.0087034268	0.015023437	0.0036045262	0.011709537	2.3773241e-06	
9.88	0.0087980262	0.0086856	0.015007211	0.0035925418	0.011697951	2.3746888e-06	
9.89	0.0087798775	0.0086678268	0.01499104	0.0035806019	0.011686388	2.3720593e-06	
9.9	0.0087617838	0.0086501071	0.014974924	0.0035687063	0.011674848	2.3694355e-06	
9.91	0.0087437449	0.0086324405	0.014958863	0.0035568549	0.01166333	2.3668174e-06	
9.92	0.0087257605	0.008614827	0.014942856	0.0035450475	0.011651836	2.3642049e-06	
9.93	0.0087078305	0.0085972662	0.014926904	0.0035332838	0.011640363	2.3615982e-06	
9.94	0.0086899546	0.0085797581	0.014911006	0.0035215636	0.011628914	2.3589971e-06	
9.95	0.0086721327	0.0085623023	0.014895161	0.0035098869	0.011617487	2.3564016e-06	
9.96	0.0086543644	0.0085448987	0.01487937	0.0034982533	0.011606082	2.3538117e-06	
9.97	0.0086366496	0.0085275471	0.014863633	0.0034866628	0.0115947	2.3512274e-06	
9.98	0.0086189882	0.0085102472	0.014847949	0.003475115	0.01158334	2.3486487e-06	
9.99	0.0086013798	0.008492999	0.014832318	0.0034636099	0.011572002	2.3460756e-06	
10	0.0085838243	0.0084758021	0.01481674	0.0034521473	0.011560686	2.343508e-06	
