Energia	P_OscStd	P_InvDcy	P_VEP	P_NSI	
0.01	0.09439439	0.04297291	0.09438494	0.09508048	
0.02	0.00066780	0.00828608	0.00066985	0.00057623	
0.03	0.40712892	0.27907123	0.40713287	0.40659850	
0.04	0.01348253	0.00076974	0.01348908	0.01312155	
0.05	0.15076823	0.15317800	0.15065373	0.15313878	
0.06	0.45798305	0.33011594	0.45801785	0.45734094	
0.07	0.53493116	0.42071163	0.53509067	0.53234742	
0.08	0.32598425	0.42204213	0.32615069	0.32390744	
0.09	0.48597103	0.43958146	0.48630481	0.48146018	
0.1	0.33390508	0.39523485	0.33361434	0.33776945	
0.11	0.45277101	0.39852551	0.45240236	0.45702415	
0.12	0.40633591	0.36767459	0.40592989	0.41091673	
0.13	0.25107185	0.30569321	0.25076658	0.25482899	
0.14	0.25667783	0.28772619	0.25707338	0.25284865	
0.15	0.40717751	0.32128923	0.40702671	0.40849952	
0.16	0.16039955	0.22268071	0.16043989	0.16065363	
0.17	0.36272652	0.28560834	0.36260962	0.36368648	
0.18	0.15917678	0.19654766	0.15951173	0.15663476	
0.19	0.23272724	0.21746112	0.23221274	0.23773061	
0.2	0.29009763	0.23548092	0.29041524	0.28723279	
0.21	0.11657930	0.15134082	0.11686267	0.11482592	
0.22	0.15448327	0.16242057	0.15397433	0.15938824	
0.23	0.26482628	0.21100382	0.26464488	0.26632791	
0.24	0.20632536	0.17860869	0.20683707	0.20233317	
0.25	0.09197610	0.11626377	0.09231994	0.08997282	
0.26	0.08482181	0.10830856	0.08449058	0.08824820	
0.27	0.16393905	0.14755551	0.16336030	0.16880705	
0.28	0.21898281	0.17576012	0.21880532	0.22036937	
0.29	0.19624980	0.16147878	0.19664031	0.19342949	
0.3	0.12530689	0.11913526	0.12591900	0.12127035	
0.31	0.06434069	0.08144182	0.06470611	0.06251142	
0.32	0.04852030	0.06977525	0.04839940	0.05030251	
0.33	0.07619638	0.08444863	0.07567143	0.08063732	
0.34	0.12294559	0.11157285	0.12230253	0.12784334	
0.35	0.16187415	0.13478203	0.16141803	0.16515249	
0.36	0.17668405	0.14349984	0.17660211	0.17726405	
0.37	0.16477604	0.13543863	0.16508998	0.16276048	
0.38	0.13367213	0.11484556	0.13426553	0.13003323	
0.39	0.09518762	0.08905027	0.09587174	0.09125783	
0.4	0.06043645	0.06527843	0.06101924	0.05744202	
0.41	0.03693897	0.04865803	0.03727599	0.03570086	
0.42	0.02779774	0.04151815	0.02781714	0.02862236	
0.43	0.03229592	0.04364330	0.03200011	0.03501691	
0.44	0.04717467	0.05303301	0.04662585	0.05128418	
0.45	0.06801042	0.06678751	0.06730830	0.07282165	
0.46	0.09034960	0.08187691	0.08960803	0.09514816	
0.47	0.11046483	0.09568251	0.10979191	0.11462486	
0.48	0.12573545	0.10629409	0.12521930	0.12879198	
0.49	0.13472752	0.11260101	0.13442829	0.13640746	
0.5	0.13707236	0.11423733	0.13701968	0.13729227	
0.51	0.13323612	0.11144143	0.13343086	0.13207714	
0.52	0.12425299	0.10488043	0.12467180	0.12192287	
0.53	0.11147111	0.09547506	0.11207246	0.10826164	
0.54	0.09633898	0.08424702	0.09706970	0.09258499	
0.55	0.08024421	0.07219941	0.08104563	0.07628784	
0.56	0.06440498	0.06023261	0.06521826	0.06056740	
0.57	0.04980833	0.04909304	0.05057873	0.04636941	
0.58	0.03718618	0.03934940	0.03786609	0.03437173	
0.59	0.02701917	0.03138988	0.02757009	0.02499487	
0.6	0.01955923	0.02543424	0.01995276	0.01842993	
0.61	0.01486314	0.02155515	0.01508112	0.01467616	
0.62	0.01283090	0.01970420	0.01286499	0.01358218	
0.63	0.01324469	0.01973948	0.01309542	0.01488664	
0.64	0.01580525	0.02145199	0.01548086	0.01825535	
0.65	0.02016402	0.02458967	0.01967909	0.02331359	
0.66	0.02595016	0.02887800	0.02532422	0.02967266	
0.67	0.03279214	0.03403692	0.03204830	0.03695077	
0.68	0.04033422	0.03979403	0.03949789	0.04478849	
0.69	0.04824822	0.04589445	0.04734596	0.05285950	
0.7	0.05624128	0.05210752	0.05529982	0.06087729	
0.71	0.06406027	0.05823101	0.06310567	0.06859849	
0.72	0.07149348	0.06409318	0.07055046	0.07582366	
0.73	0.07837032	0.06955314	0.07746171	0.08239607	
0.74	0.08455940	0.07450002	0.08370581	0.08819916	
0.75	0.08996568	0.07885112	0.08918521	0.09315296	
0.76	0.09452685	0.08254958	0.09383494	0.09721008	
0.77	0.09820945	0.08556154	0.09761883	0.10035137	
0.78	0.10100478	0.08787327	0.10052552	0.10258161	
0.79	0.10292498	0.08948815	0.10256451	0.10392530	
0.8	0.10399917	0.09042380	0.10376248	0.10442273	
0.81	0.10427000	0.09070941	0.10415976	0.10412643	
0.82	0.10379041	0.09038316	0.10380719	0.10309794	
0.83	0.10262085	0.08949003	0.10276327	0.10140495	
0.84	0.10082674	0.08807978	0.10109174	0.09911894	
0.85	0.09847640	0.08620520	0.09885942	0.09631304	
0.86	0.09563922	0.08392065	0.09613445	0.09306042	
0.87	0.09238424	0.08128079	0.09298477	0.08943279	
0.88	0.08877887	0.07833955	0.08947693	0.08549941	
0.89	0.08488804	0.07514934	0.08567516	0.08132617	
0.9	0.08077341	0.07176036	0.08164059	0.07697502	
0.91	0.07649289	0.06822012	0.07743075	0.07250350	
0.92	0.07210025	0.06457310	0.07309918	0.06796449	
0.93	0.06764490	0.06086051	0.06869519	0.06340608	
0.94	0.06317181	0.05712010	0.06426375	0.05887154	
0.95	0.05872150	0.05338620	0.05984545	0.05439936	
0.96	0.05433006	0.04968963	0.05547659	0.05002341	
0.97	0.05002932	0.04605783	0.05118925	0.04577313	
0.98	0.04584705	0.04251494	0.04701150	0.04167374	
0.99	0.04180708	0.03908194	0.04296755	0.03774648	
1	0.03792963	0.03577680	0.03907799	0.03400892	
1.01	0.03423148	0.03261472	0.03536006	0.03047521	
1.02	0.03072627	0.02960822	0.03182785	0.02715637	
1.03	0.02742474	0.02676743	0.02849257	0.02406057	
1.04	0.02433500	0.02410025	0.02536280	0.02119343	
1.05	0.02146274	0.02161251	0.02244474	0.01855824	
1.06	0.01881154	0.01930823	0.01974243	0.01615625	
1.07	0.01638303	0.01718975	0.01725800	0.01398691	
1.08	0.01417714	0.01525793	0.01499185	0.01204808	
1.09	0.01219233	0.01351233	0.01294288	0.01033622	
1.1	0.01042572	0.01195133	0.01110870	0.00884665	
1.11	0.00887334	0.01057230	0.00948575	0.00757366	
1.12	0.00753023	0.00937174	0.00806949	0.00651071	
1.13	0.00639062	0.00834542	0.00685456	0.00565058	
1.14	0.00544810	0.00748844	0.00583493	0.00498549	
1.15	0.00469567	0.00679541	0.00500395	0.00450723	
1.16	0.00412590	0.00626049	0.00435457	0.00420727	
1.17	0.00373106	0.00587752	0.00387934	0.00407683	
1.18	0.00350313	0.00564004	0.00357058	0.00410703	
1.19	0.00343394	0.00554145	0.00342039	0.00428890	
1.2	0.00351525	0.00557497	0.00342079	0.00461347	
1.21	0.00373874	0.00573378	0.00356373	0.00507184	
1.22	0.00409617	0.00601102	0.00384117	0.00565520	
1.23	0.00457933	0.00639987	0.00424513	0.00635491	
1.24	0.00518012	0.00689354	0.00476770	0.00716248	
1.25	0.00589062	0.00748534	0.00540113	0.00806969	
1.26	0.00670306	0.00816871	0.00613782	0.00906849	
1.27	0.00760985	0.00893721	0.00697033	0.01015115	
1.28	0.00860367	0.00978457	0.00789146	0.01131017	
1.29	0.00967739	0.01070470	0.00889421	0.01253834	
1.3	0.01082414	0.01169169	0.00997181	0.01382878	
1.31	0.01203733	0.01273982	0.01111775	0.01517485	
1.32	0.01331059	0.01384361	0.01232576	0.01657026	
1.33	0.01463785	0.01499776	0.01358984	0.01800899	
1.34	0.01601331	0.01619721	0.01490423	0.01948533	
1.35	0.01743141	0.01743709	0.01626345	0.02099387	
1.36	0.01888689	0.01871279	0.01766226	0.02252949	
1.37	0.02037475	0.02001987	0.01909569	0.02408735	
1.38	0.02189023	0.02135415	0.02055902	0.02566291	
1.39	0.02342885	0.02271164	0.02204778	0.02725188	
1.4	0.02498636	0.02408856	0.02355774	0.02885025	
1.41	0.02655879	0.02548134	0.02508492	0.03045425	
1.42	0.02814237	0.02688662	0.02662556	0.03206038	
1.43	0.02973357	0.02830122	0.02817613	0.03366537	
1.44	0.03132909	0.02972215	0.02973332	0.03526616	
1.45	0.03292585	0.03114662	0.03129402	0.03685995	
1.46	0.03452097	0.03257199	0.03285533	0.03844411	
1.47	0.03611175	0.03399583	0.03441456	0.04001623	
1.48	0.03769571	0.03541584	0.03596917	0.04157410	
1.49	0.03927054	0.03682988	0.03751684	0.04311567	
1.5	0.04083410	0.03823599	0.03905539	0.04463909	
1.51	0.04238442	0.03963232	0.04058282	0.04614266	
1.52	0.04391968	0.04101719	0.04209729	0.04762483	
1.53	0.04543823	0.04238903	0.04359708	0.04908421	
1.54	0.04693853	0.04374639	0.04508065	0.05051954	
1.55	0.04841922	0.04508797	0.04654657	0.05192970	
1.56	0.04987902	0.04641257	0.04799354	0.05331369	
1.57	0.05131681	0.04771907	0.04942039	0.05467063	
1.58	0.05273156	0.04900650	0.05082604	0.05599974	
1.59	0.05412236	0.05027395	0.05220954	0.05730036	
1.6	0.05548841	0.05152063	0.05357005	0.05857191	
1.61	0.05682897	0.05274580	0.05490679	0.05981391	
1.62	0.05814343	0.05394884	0.05621910	0.06102597	
1.63	0.05943125	0.05512918	0.05750640	0.06220775	
1.64	0.06069197	0.05628634	0.05876817	0.06335902	
1.65	0.06192519	0.05741989	0.06000399	0.06447959	
1.66	0.06313061	0.05852949	0.06121349	0.06556936	
1.67	0.06430796	0.05961483	0.06239638	0.06662826	
1.68	0.06545706	0.06067567	0.06355243	0.06765630	
1.69	0.06657777	0.06171183	0.06468144	0.06865352	
1.7	0.06767001	0.06272316	0.06578330	0.06962002	
1.71	0.06873374	0.06370958	0.06685794	0.07055594	
1.72	0.06976898	0.06467103	0.06790531	0.07146145	
1.73	0.07077576	0.06560749	0.06892543	0.07233678	
1.74	0.07175420	0.06651900	0.06991834	0.07318216	
1.75	0.07270441	0.06740561	0.07088415	0.07399787	
1.76	0.07362655	0.06826741	0.07182296	0.07478422	
1.77	0.07452081	0.06910452	0.07273493	0.07554152	
1.78	0.07538741	0.06991709	0.07362023	0.07627015	
1.79	0.07622659	0.07070529	0.07447908	0.07697045	
1.8	0.07703861	0.07146930	0.07531169	0.07764283	
1.81	0.07782376	0.07220934	0.07611832	0.07828768	
1.82	0.07858235	0.07292564	0.07689924	0.07890542	
1.83	0.07931470	0.07361846	0.07765474	0.07949648	
1.84	0.08002114	0.07428805	0.07838512	0.08006131	
1.85	0.08070202	0.07493470	0.07909069	0.08060034	
1.86	0.08135771	0.07555868	0.07977179	0.08111404	
1.87	0.08198858	0.07616032	0.08042876	0.08160288	
1.88	0.08259501	0.07673991	0.08106195	0.08206731	
1.89	0.08317739	0.07729778	0.08167172	0.08250781	
1.9	0.08373611	0.07783425	0.08225845	0.08292486	
1.91	0.08427159	0.07834966	0.08282249	0.08331893	
1.92	0.08478422	0.07884436	0.08336424	0.08369051	
1.93	0.08527442	0.07931868	0.08388407	0.08404006	
1.94	0.08574260	0.07977297	0.08438239	0.08436806	
1.95	0.08618918	0.08020759	0.08485957	0.08467500	
1.96	0.08661457	0.08062289	0.08531600	0.08496135	
1.97	0.08701920	0.08101923	0.08575210	0.08522758	
1.98	0.08740347	0.08139696	0.08616824	0.08547415	
1.99	0.08776781	0.08175645	0.08656482	0.08570154	
2	0.08811264	0.08209805	0.08694224	0.08591021	
2.01	0.08843835	0.08242211	0.08730088	0.08610060	
2.02	0.08874538	0.08272901	0.08764115	0.08627318	
2.03	0.08903412	0.08301908	0.08796343	0.08642839	
2.04	0.08930499	0.08329268	0.08826811	0.08656668	
2.05	0.08955838	0.08355018	0.08855557	0.08668847	
2.06	0.08979470	0.08379190	0.08882619	0.08679420	
2.07	0.09001433	0.08401821	0.08908036	0.08688430	
2.08	0.09021768	0.08422944	0.08931843	0.08695918	
2.09	0.09040512	0.08442594	0.08954080	0.08701926	
2.1	0.09057705	0.08460804	0.08974781	0.08706493	
2.11	0.09073383	0.08477607	0.08993984	0.08709660	
2.12	0.09087583	0.08493036	0.09011724	0.08711466	
2.13	0.09100344	0.08507124	0.09028036	0.08711949	
2.14	0.09111699	0.08519903	0.09042955	0.08711148	
2.15	0.09121686	0.08531405	0.09056515	0.08709099	
2.16	0.09130340	0.08541660	0.09068751	0.08705839	
2.17	0.09137694	0.08550700	0.09079695	0.08701403	
2.18	0.09143782	0.08558554	0.09089379	0.08695827	
2.19	0.09148639	0.08565254	0.09097838	0.08689145	
2.2	0.09152296	0.08570827	0.09105101	0.08681390	
2.21	0.09154787	0.08575303	0.09111200	0.08672595	
2.22	0.09156142	0.08578711	0.09116166	0.08662794	
2.23	0.09156392	0.08581078	0.09120029	0.08652016	
2.24	0.09155569	0.08582432	0.09122818	0.08640294	
2.25	0.09153702	0.08582799	0.09124562	0.08627657	
2.26	0.09150820	0.08582207	0.09125290	0.08614136	
2.27	0.09146952	0.08580681	0.09125030	0.08599758	
2.28	0.09142126	0.08578247	0.09123808	0.08584552	
2.29	0.09136370	0.08574929	0.09121652	0.08568546	
2.3	0.09129711	0.08570753	0.09118588	0.08551767	
2.31	0.09122175	0.08565742	0.09114642	0.08534241	
2.32	0.09113788	0.08559920	0.09109839	0.08515993	
2.33	0.09104576	0.08553310	0.09104204	0.08497050	
2.34	0.09094563	0.08545935	0.09097760	0.08477435	
2.35	0.09083774	0.08537817	0.09090532	0.08457172	
2.36	0.09072233	0.08528977	0.09082543	0.08436286	
2.37	0.09059962	0.08519438	0.09073815	0.08414797	
2.38	0.09046984	0.08509219	0.09064371	0.08392729	
2.39	0.09033322	0.08498341	0.09054232	0.08370104	
2.4	0.09018998	0.08486825	0.09043420	0.08346942	
2.41	0.09004032	0.08474689	0.09031955	0.08323264	
2.42	0.08988445	0.08461952	0.09019858	0.08299090	
2.43	0.08972258	0.08448634	0.09007148	0.08274439	
2.44	0.08955491	0.08434753	0.08993845	0.08249331	
2.45	0.08938162	0.08420326	0.08979967	0.08223784	
2.46	0.08920290	0.08405371	0.08965534	0.08197817	
2.47	0.08901894	0.08389905	0.08950563	0.08171446	
2.48	0.08882993	0.08373944	0.08935072	0.08144689	
2.49	0.08863602	0.08357505	0.08919078	0.08117563	
2.5	0.08843740	0.08340604	0.08902598	0.08090083	
2.51	0.08823424	0.08323256	0.08885649	0.08062266	
2.52	0.08802669	0.08305476	0.08868246	0.08034127	
2.53	0.08781491	0.08287280	0.08850405	0.08005680	
2.54	0.08759907	0.08268681	0.08832141	0.07976941	
2.55	0.08737930	0.08249694	0.08813470	0.07947923	
2.56	0.08715576	0.08230332	0.08794405	0.07918641	
2.57	0.08692860	0.08210609	0.08774961	0.07889107	
2.58	0.08669794	0.08190539	0.08755152	0.07859334	
2.59	0.08646393	0.08170132	0.08734991	0.07829336	
2.6	0.08622671	0.08149404	0.08714491	0.07799123	
2.61	0.08598639	0.08128364	0.08693665	0.07768710	
2.62	0.08574311	0.08107026	0.08672526	0.07738106	
2.63	0.08549699	0.08085400	0.08651086	0.07707323	
2.64	0.08524815	0.08063499	0.08629356	0.07676372	
2.65	0.08499670	0.08041333	0.08607349	0.07645264	
2.66	0.08474277	0.08018912	0.08585075	0.07614009	
2.67	0.08448645	0.07996248	0.08562545	0.07582616	
2.68	0.08422787	0.07973350	0.08539771	0.07551096	
2.69	0.08396711	0.07950228	0.08516761	0.07519459	
2.7	0.08370429	0.07926893	0.08493528	0.07487712	
2.71	0.08343951	0.07903353	0.08470080	0.07455865	
2.72	0.08317285	0.07879617	0.08446427	0.07423927	
2.73	0.08290443	0.07855695	0.08422579	0.07391906	
2.74	0.08263431	0.07831595	0.08398544	0.07359810	
2.75	0.08236261	0.07807326	0.08374332	0.07327646	
2.76	0.08208939	0.07782896	0.08349951	0.07295423	
2.77	0.08181475	0.07758312	0.08325409	0.07263148	
2.78	0.08153877	0.07733584	0.08300715	0.07230828	
2.79	0.08126153	0.07708718	0.08275877	0.07198470	
2.8	0.08098311	0.07683721	0.08250902	0.07166080	
2.81	0.08070357	0.07658602	0.08225798	0.07133665	
2.82	0.08042300	0.07633367	0.08200572	0.07101232	
2.83	0.08014146	0.07608022	0.08175231	0.07068786	
2.84	0.07985903	0.07582575	0.08149783	0.07036333	
2.85	0.07957577	0.07557032	0.08124234	0.07003880	
2.86	0.07929174	0.07531400	0.08098590	0.06971430	
2.87	0.07900702	0.07505683	0.08072858	0.06938991	
2.88	0.07872165	0.07479889	0.08047045	0.06906567	
2.89	0.07843571	0.07454023	0.08021155	0.06874162	
2.9	0.07814925	0.07428091	0.07995196	0.06841783	
2.91	0.07786232	0.07402097	0.07969172	0.06809432	
2.92	0.07757498	0.07376049	0.07943089	0.06777116	
2.93	0.07728729	0.07349950	0.07916953	0.06744838	
2.94	0.07699929	0.07323805	0.07890769	0.06712603	
2.95	0.07671103	0.07297620	0.07864542	0.06680414	
2.96	0.07642257	0.07271399	0.07838276	0.06648276	
2.97	0.07613395	0.07245147	0.07811976	0.06616192	
2.98	0.07584522	0.07218868	0.07785648	0.06584166	
2.99	0.07555642	0.07192567	0.07759296	0.06552201	
3	0.07526759	0.07166248	0.07732923	0.06520302	
3.01	0.07497877	0.07139914	0.07706535	0.06488470	
3.02	0.07469002	0.07113571	0.07680135	0.06456709	
3.03	0.07440135	0.07087221	0.07653727	0.06425023	
3.04	0.07411282	0.07060868	0.07627315	0.06393414	
3.05	0.07382446	0.07034517	0.07600903	0.06361885	
3.06	0.07353630	0.07008170	0.07574495	0.06330439	
3.07	0.07324838	0.06981831	0.07548094	0.06299078	
3.08	0.07296074	0.06955503	0.07521703	0.06267804	
3.09	0.07267340	0.06929190	0.07495327	0.06236621	
3.1	0.07238639	0.06902894	0.07468967	0.06205531	
3.11	0.07209975	0.06876619	0.07442627	0.06174535	
3.12	0.07181351	0.06850368	0.07416310	0.06143636	
3.13	0.07152769	0.06824142	0.07390020	0.06112836	
3.14	0.07124232	0.06797946	0.07363758	0.06082137	
3.15	0.07095743	0.06771782	0.07337528	0.06051540	
3.16	0.07067304	0.06745651	0.07311332	0.06021048	
3.17	0.07038918	0.06719558	0.07285173	0.05990662	
3.18	0.07010587	0.06693504	0.07259053	0.05960384	
3.19	0.06982313	0.06667491	0.07232975	0.05930216	
3.2	0.06954100	0.06641522	0.07206940	0.05900158	
3.21	0.06925947	0.06615598	0.07180952	0.05870212	
3.22	0.06897859	0.06589723	0.07155013	0.05840381	
3.23	0.06869837	0.06563898	0.07129124	0.05810664	
3.24	0.06841883	0.06538125	0.07103287	0.05781063	
3.25	0.06813998	0.06512405	0.07077504	0.05751580	
3.26	0.06786184	0.06486742	0.07051778	0.05722215	
3.27	0.06758444	0.06461135	0.07026111	0.05692969	
3.28	0.06730778	0.06435588	0.07000503	0.05663844	
3.29	0.06703189	0.06410102	0.06974956	0.05634841	
3.3	0.06675678	0.06384679	0.06949473	0.05605959	
3.31	0.06648246	0.06359319	0.06924054	0.05577201	
3.32	0.06620895	0.06334024	0.06898702	0.05548567	
3.33	0.06593626	0.06308797	0.06873417	0.05520057	
3.34	0.06566441	0.06283638	0.06848202	0.05491673	
3.35	0.06539340	0.06258548	0.06823057	0.05463415	
3.36	0.06512325	0.06233529	0.06797984	0.05435283	
3.37	0.06485397	0.06208582	0.06772984	0.05407278	
3.38	0.06458558	0.06183708	0.06748058	0.05379401	
3.39	0.06431807	0.06158909	0.06723207	0.05351652	
3.4	0.06405147	0.06134185	0.06698433	0.05324031	
3.41	0.06378578	0.06109537	0.06673736	0.05296540	
3.42	0.06352100	0.06084967	0.06649118	0.05269177	
3.43	0.06325716	0.06060475	0.06624579	0.05241945	
3.44	0.06299426	0.06036062	0.06600121	0.05214842	
3.45	0.06273230	0.06011729	0.06575744	0.05187869	
3.46	0.06247130	0.05987478	0.06551449	0.05161027	
3.47	0.06221125	0.05963308	0.06527237	0.05134315	
3.48	0.06195217	0.05939221	0.06503109	0.05107734	
3.49	0.06169407	0.05915217	0.06479065	0.05081284	
3.5	0.06143694	0.05891297	0.06455107	0.05054965	
3.51	0.06118080	0.05867461	0.06431234	0.05028777	
3.52	0.06092565	0.05843711	0.06407448	0.05002719	
3.53	0.06067150	0.05820047	0.06383749	0.04976794	
3.54	0.06041835	0.05796469	0.06360138	0.04950999	
3.55	0.06016620	0.05772978	0.06336614	0.04925335	
3.56	0.05991506	0.05749574	0.06313180	0.04899802	
3.57	0.05966493	0.05726258	0.06289834	0.04874400	
3.58	0.05941582	0.05703031	0.06266579	0.04849129	
3.59	0.05916773	0.05679892	0.06243413	0.04823989	
3.6	0.05892066	0.05656843	0.06220338	0.04798980	
3.61	0.05867462	0.05633883	0.06197353	0.04774101	
3.62	0.05842960	0.05611013	0.06174460	0.04749352	
3.63	0.05818562	0.05588233	0.06151658	0.04724734	
3.64	0.05794267	0.05565544	0.06128948	0.04700245	
3.65	0.05770075	0.05542945	0.06106330	0.04675886	
3.66	0.05745987	0.05520438	0.06083805	0.04651657	
3.67	0.05722003	0.05498022	0.06061372	0.04627557	
3.68	0.05698123	0.05475697	0.06039031	0.04603586	
3.69	0.05674346	0.05453464	0.06016784	0.04579743	
3.7	0.05650674	0.05431323	0.05994630	0.04556029	
3.71	0.05627106	0.05409273	0.05972569	0.04532443	
3.72	0.05603642	0.05387316	0.05950602	0.04508984	
3.73	0.05580282	0.05365452	0.05928728	0.04485653	
3.74	0.05557026	0.05343679	0.05906947	0.04462449	
3.75	0.05533875	0.05321999	0.05885261	0.04439372	
3.76	0.05510828	0.05300412	0.05863668	0.04416421	
3.77	0.05487885	0.05278917	0.05842169	0.04393596	
3.78	0.05465046	0.05257515	0.05820764	0.04370897	
3.79	0.05442311	0.05236205	0.05799453	0.04348322	
3.8	0.05419681	0.05214988	0.05778235	0.04325873	
3.81	0.05397154	0.05193864	0.05757112	0.04303547	
3.82	0.05374730	0.05172832	0.05736082	0.04281346	
3.83	0.05352411	0.05151893	0.05715147	0.04259268	
3.84	0.05330195	0.05131047	0.05694305	0.04237313	
3.85	0.05308082	0.05110293	0.05673556	0.04215481	
3.86	0.05286073	0.05089631	0.05652902	0.04193770	
3.87	0.05264167	0.05069062	0.05632341	0.04172182	
3.88	0.05242363	0.05048585	0.05611873	0.04150714	
3.89	0.05220663	0.05028201	0.05591498	0.04129367	
3.9	0.05199065	0.05007908	0.05571217	0.04108140	
3.91	0.05177569	0.04987707	0.05551029	0.04087033	
3.92	0.05156175	0.04967598	0.05530934	0.04066045	
3.93	0.05134883	0.04947581	0.05510932	0.04045176	
3.94	0.05113693	0.04927655	0.05491022	0.04024425	
3.95	0.05092604	0.04907820	0.05471205	0.04003792	
3.96	0.05071616	0.04888077	0.05451480	0.03983276	
3.97	0.05050729	0.04868425	0.05431847	0.03962876	
3.98	0.05029943	0.04848863	0.05412306	0.03942593	
3.99	0.05009257	0.04829392	0.05392856	0.03922425	
4	0.04988671	0.04810012	0.05373499	0.03902372	
4.01	0.04968185	0.04790722	0.05354232	0.03882434	
4.02	0.04947798	0.04771522	0.05335057	0.03862610	
4.03	0.04927511	0.04752411	0.05315972	0.03842899	
4.04	0.04907322	0.04733390	0.05296978	0.03823301	
4.05	0.04887232	0.04714459	0.05278074	0.03803816	
4.06	0.04867241	0.04695616	0.05259261	0.03784442	
4.07	0.04847347	0.04676863	0.05240537	0.03765180	
4.08	0.04827551	0.04658197	0.05221903	0.03746028	
4.09	0.04807852	0.04639621	0.05203358	0.03726986	
4.1	0.04788250	0.04621132	0.05184902	0.03708054	
4.11	0.04768744	0.04602731	0.05166535	0.03689231	
4.12	0.04749335	0.04584418	0.05148257	0.03670517	
4.13	0.04730022	0.04566192	0.05130066	0.03651910	
4.14	0.04710804	0.04548053	0.05111964	0.03633411	
4.15	0.04691682	0.04530000	0.05093949	0.03615019	
4.16	0.04672654	0.04512034	0.05076022	0.03596733	
4.17	0.04653721	0.04494154	0.05058181	0.03578552	
4.18	0.04634881	0.04476360	0.05040428	0.03560477	
4.19	0.04616136	0.04458652	0.05022761	0.03542506	
4.2	0.04597484	0.04441028	0.05005179	0.03524640	
4.21	0.04578925	0.04423490	0.04987684	0.03506877	
4.22	0.04560458	0.04406036	0.04970274	0.03489216	
4.23	0.04542084	0.04388666	0.04952949	0.03471658	
4.24	0.04523802	0.04371381	0.04935710	0.03454202	
4.25	0.04505611	0.04354179	0.04918554	0.03436847	
4.26	0.04487511	0.04337060	0.04901483	0.03419592	
4.27	0.04469501	0.04320025	0.04884495	0.03402438	
4.28	0.04451582	0.04303072	0.04867591	0.03385383	
4.29	0.04433753	0.04286201	0.04850771	0.03368427	
4.3	0.04416014	0.04269412	0.04834033	0.03351570	
4.31	0.04398363	0.04252706	0.04817377	0.03334810	
4.32	0.04380801	0.04236080	0.04800804	0.03318148	
4.33	0.04363328	0.04219535	0.04784313	0.03301582	
4.34	0.04345942	0.04203072	0.04767902	0.03285113	
4.35	0.04328644	0.04186688	0.04751574	0.03268739	
4.36	0.04311433	0.04170385	0.04735325	0.03252460	
4.37	0.04294309	0.04154161	0.04719158	0.03236276	
4.38	0.04277271	0.04138016	0.04703070	0.03220186	
4.39	0.04260319	0.04121951	0.04687062	0.03204189	
4.4	0.04243452	0.04105964	0.04671133	0.03188285	
4.41	0.04226671	0.04090055	0.04655283	0.03172473	
4.42	0.04209974	0.04074225	0.04639512	0.03156753	
4.43	0.04193361	0.04058472	0.04623820	0.03141125	
4.44	0.04176833	0.04042796	0.04608205	0.03125587	
4.45	0.04160387	0.04027197	0.04592668	0.03110139	
4.46	0.04144025	0.04011674	0.04577208	0.03094781	
4.47	0.04127746	0.03996228	0.04561825	0.03079512	
4.48	0.04111548	0.03980858	0.04546518	0.03064332	
4.49	0.04095433	0.03965563	0.04531287	0.03049239	
4.5	0.04079399	0.03950343	0.04516133	0.03034234	
4.51	0.04063446	0.03935198	0.04501053	0.03019317	
4.52	0.04047573	0.03920128	0.04486049	0.03004485	
4.53	0.04031781	0.03905131	0.04471120	0.02989740	
4.54	0.04016069	0.03890209	0.04456265	0.02975080	
4.55	0.04000436	0.03875360	0.04441483	0.02960504	
4.56	0.03984882	0.03860583	0.04426776	0.02946014	
4.57	0.03969406	0.03845880	0.04412142	0.02931607	
4.58	0.03954009	0.03831248	0.04397580	0.02917283	
4.59	0.03938690	0.03816689	0.04383091	0.02903042	
4.6	0.03923448	0.03802202	0.04368675	0.02888884	
4.61	0.03908283	0.03787785	0.04354330	0.02874807	
4.62	0.03893195	0.03773440	0.04340057	0.02860812	
4.63	0.03878182	0.03759165	0.04325855	0.02846898	
4.64	0.03863246	0.03744960	0.04311723	0.02833063	
4.65	0.03848385	0.03730825	0.04297662	0.02819309	
4.66	0.03833599	0.03716760	0.04283671	0.02805634	
4.67	0.03818887	0.03702764	0.04269750	0.02792038	
4.68	0.03804250	0.03688837	0.04255898	0.02778520	
4.69	0.03789687	0.03674978	0.04242116	0.02765080	
4.7	0.03775197	0.03661187	0.04228401	0.02751718	
4.71	0.03760780	0.03647465	0.04214755	0.02738432	
4.72	0.03746436	0.03633809	0.04201177	0.02725223	
4.73	0.03732164	0.03620221	0.04187667	0.02712090	
4.74	0.03717964	0.03606699	0.04174224	0.02699032	
4.75	0.03703835	0.03593244	0.04160848	0.02686049	
4.76	0.03689777	0.03579855	0.04147538	0.02673141	
4.77	0.03675790	0.03566532	0.04134294	0.02660307	
4.78	0.03661874	0.03553274	0.04121117	0.02647546	
4.79	0.03648027	0.03540081	0.04108005	0.02634859	
4.8	0.03634250	0.03526953	0.04094958	0.02622244	
4.81	0.03620542	0.03513889	0.04081976	0.02609702	
4.82	0.03606903	0.03500889	0.04069058	0.02597231	
4.83	0.03593333	0.03487953	0.04056204	0.02584831	
4.84	0.03579830	0.03475080	0.04043415	0.02572503	
4.85	0.03566395	0.03462271	0.04030688	0.02560244	
4.86	0.03553028	0.03449524	0.04018025	0.02548056	
4.87	0.03539727	0.03436839	0.04005425	0.02535938	
4.88	0.03526493	0.03424217	0.03992887	0.02523888	
4.89	0.03513326	0.03411656	0.03980411	0.02511907	
4.9	0.03500224	0.03399156	0.03967997	0.02499994	
4.91	0.03487187	0.03386718	0.03955645	0.02488149	
4.92	0.03474216	0.03374340	0.03943354	0.02476372	
4.93	0.03461309	0.03362023	0.03931123	0.02464661	
4.94	0.03448467	0.03349766	0.03918953	0.02453017	
4.95	0.03435689	0.03337569	0.03906843	0.02441439	
4.96	0.03422975	0.03325431	0.03894793	0.02429926	
4.97	0.03410323	0.03313352	0.03882802	0.02418479	
4.98	0.03397735	0.03301332	0.03870871	0.02407097	
4.99	0.03385210	0.03289370	0.03858998	0.02395779	
5	0.03372746	0.03277467	0.03847184	0.02384525	
5.01	0.03360345	0.03265622	0.03835428	0.02373335	
5.02	0.03348005	0.03253834	0.03823730	0.02362208	
5.03	0.03335727	0.03242103	0.03812090	0.02351143	
5.04	0.03323509	0.03230429	0.03800507	0.02340141	
5.05	0.03311352	0.03218812	0.03788981	0.02329202	
5.06	0.03299255	0.03207251	0.03777511	0.02318323	
5.07	0.03287218	0.03195746	0.03766098	0.02307506	
5.08	0.03275241	0.03184297	0.03754741	0.02296750	
5.09	0.03263322	0.03172904	0.03743439	0.02286054	
5.1	0.03251463	0.03161565	0.03732193	0.02275418	
5.11	0.03239662	0.03150281	0.03721003	0.02264842	
5.12	0.03227919	0.03139052	0.03709866	0.02254325	
5.13	0.03216234	0.03127877	0.03698785	0.02243867	
5.14	0.03204607	0.03116755	0.03687757	0.02233468	
5.15	0.03193037	0.03105688	0.03676784	0.02223127	
5.16	0.03181523	0.03094674	0.03665864	0.02212843	
5.17	0.03170067	0.03083712	0.03654998	0.02202617	
5.18	0.03158666	0.03072804	0.03644184	0.02192448	
5.19	0.03147322	0.03061948	0.03633423	0.02182336	
5.2	0.03136033	0.03051144	0.03622715	0.02172280	
5.21	0.03124799	0.03040391	0.03612059	0.02162280	
5.22	0.03113621	0.03029691	0.03601454	0.02152336	
5.23	0.03102497	0.03019042	0.03590902	0.02142447	
5.24	0.03091427	0.03008443	0.03580400	0.02132613	
5.25	0.03080412	0.02997896	0.03569950	0.02122833	
5.26	0.03069450	0.02987399	0.03559550	0.02113108	
5.27	0.03058542	0.02976952	0.03549200	0.02103436	
5.28	0.03047686	0.02966555	0.03538901	0.02093818	
5.29	0.03036884	0.02956208	0.03528652	0.02084253	
5.3	0.03026134	0.02945909	0.03518452	0.02074741	
5.31	0.03015436	0.02935661	0.03508302	0.02065282	
5.32	0.03004791	0.02925460	0.03498200	0.02055875	
5.33	0.02994197	0.02915309	0.03488148	0.02046519	
5.34	0.02983654	0.02905205	0.03478144	0.02037215	
5.35	0.02973162	0.02895150	0.03468188	0.02027963	
5.36	0.02962721	0.02885142	0.03458280	0.02018761	
5.37	0.02952331	0.02875182	0.03448420	0.02009609	
5.38	0.02941991	0.02865269	0.03438607	0.02000508	
5.39	0.02931700	0.02855403	0.03428842	0.01991457	
5.4	0.02921460	0.02845584	0.03419123	0.01982455	
5.41	0.02911268	0.02835811	0.03409451	0.01973503	
5.42	0.02901126	0.02826084	0.03399825	0.01964600	
5.43	0.02891032	0.02816403	0.03390246	0.01955745	
5.44	0.02880987	0.02806768	0.03380712	0.01946938	
5.45	0.02870990	0.02797178	0.03371224	0.01938180	
5.46	0.02861041	0.02787633	0.03361782	0.01929469	
5.47	0.02851140	0.02778133	0.03352384	0.01920806	
5.48	0.02841286	0.02768678	0.03343031	0.01912190	
5.49	0.02831479	0.02759267	0.03333723	0.01903621	
5.5	0.02821719	0.02749901	0.03324460	0.01895098	
5.51	0.02812006	0.02740578	0.03315240	0.01886621	
5.52	0.02802339	0.02731299	0.03306064	0.01878191	
5.53	0.02792718	0.02722063	0.03296932	0.01869806	
5.54	0.02783143	0.02712871	0.03287843	0.01861466	
5.55	0.02773613	0.02703721	0.03278798	0.01853171	
5.56	0.02764129	0.02694614	0.03269795	0.01844922	
5.57	0.02754689	0.02685550	0.03260835	0.01836716	
5.58	0.02745295	0.02676528	0.03251918	0.01828555	
5.59	0.02735945	0.02667548	0.03243042	0.01820438	
5.6	0.02726639	0.02658609	0.03234209	0.01812365	
5.61	0.02717377	0.02649713	0.03225417	0.01804335	
5.62	0.02708159	0.02640857	0.03216667	0.01796348	
5.63	0.02698985	0.02632043	0.03207958	0.01788404	
5.64	0.02689853	0.02623269	0.03199290	0.01780503	
5.65	0.02680765	0.02614536	0.03190662	0.01772644	
5.66	0.02671719	0.02605843	0.03182076	0.01764827	
5.67	0.02662717	0.02597191	0.03173529	0.01757051	
5.68	0.02653756	0.02588578	0.03165023	0.01749318	
5.69	0.02644837	0.02580005	0.03156557	0.01741625	
5.7	0.02635960	0.02571472	0.03148130	0.01733974	
5.71	0.02627125	0.02562978	0.03139743	0.01726363	
5.72	0.02618331	0.02554523	0.03131395	0.01718793	
5.73	0.02609578	0.02546107	0.03123086	0.01711263	
5.74	0.02600866	0.02537730	0.03114816	0.01703773	
5.75	0.02592195	0.02529390	0.03106585	0.01696323	
5.76	0.02583564	0.02521090	0.03098392	0.01688912	
5.77	0.02574973	0.02512827	0.03090237	0.01681540	
5.78	0.02566422	0.02504602	0.03082120	0.01674208	
5.79	0.02557911	0.02496414	0.03074040	0.01666914	
5.8	0.02549440	0.02488264	0.03065998	0.01659659	
5.81	0.02541007	0.02480151	0.03057994	0.01652442	
5.82	0.02532614	0.02472075	0.03050027	0.01645263	
5.83	0.02524260	0.02464036	0.03042096	0.01638122	
5.84	0.02515944	0.02456033	0.03034203	0.01631018	
5.85	0.02507666	0.02448067	0.03026345	0.01623952	
5.86	0.02499427	0.02440137	0.03018524	0.01616923	
5.87	0.02491226	0.02432242	0.03010740	0.01609931	
5.88	0.02483062	0.02424384	0.03002991	0.01602975	
5.89	0.02474936	0.02416561	0.02995278	0.01596056	
5.9	0.02466847	0.02408773	0.02987600	0.01589173	
5.91	0.02458796	0.02401021	0.02979957	0.01582326	
5.92	0.02450781	0.02393303	0.02972350	0.01575515	
5.93	0.02442803	0.02385621	0.02964778	0.01568739	
5.94	0.02434862	0.02377973	0.02957240	0.01561999	
5.95	0.02426957	0.02370359	0.02949737	0.01555293	
5.96	0.02419088	0.02362779	0.02942268	0.01548623	
5.97	0.02411254	0.02355234	0.02934834	0.01541987	
5.98	0.02403457	0.02347722	0.02927433	0.01535386	
5.99	0.02395695	0.02340244	0.02920067	0.01528819	
6	0.02387968	0.02332800	0.02912733	0.01522286	
6.01	0.02380277	0.02325388	0.02905434	0.01515786	
6.02	0.02372620	0.02318010	0.02898167	0.01509321	
6.03	0.02364998	0.02310665	0.02890934	0.01502888	
6.04	0.02357410	0.02303353	0.02883733	0.01496489	
6.05	0.02349857	0.02296073	0.02876565	0.01490123	
6.06	0.02342338	0.02288825	0.02869430	0.01483790	
6.07	0.02334853	0.02281610	0.02862327	0.01477489	
6.08	0.02327401	0.02274426	0.02855256	0.01471221	
6.09	0.02319983	0.02267275	0.02848217	0.01464985	
6.1	0.02312599	0.02260155	0.02841210	0.01458781	
6.11	0.02305247	0.02253067	0.02834234	0.01452608	
6.12	0.02297929	0.02246010	0.02827290	0.01446468	
6.13	0.02290644	0.02238984	0.02820378	0.01440358	
6.14	0.02283391	0.02231989	0.02813496	0.01434280	
6.15	0.02276170	0.02225025	0.02806645	0.01428233	
6.16	0.02268982	0.02218092	0.02799826	0.01422217	
6.17	0.02261826	0.02211189	0.02793036	0.01416232	
6.18	0.02254702	0.02204317	0.02786278	0.01410276	
6.19	0.02247609	0.02197475	0.02779549	0.01404352	
6.2	0.02240549	0.02190662	0.02772851	0.01398457	
6.21	0.02233519	0.02183880	0.02766182	0.01392592	
6.22	0.02226521	0.02177127	0.02759544	0.01386757	
6.23	0.02219554	0.02170404	0.02752935	0.01380952	
6.24	0.02212617	0.02163710	0.02746356	0.01375176	
6.25	0.02205712	0.02157045	0.02739805	0.01369429	
6.26	0.02198837	0.02150409	0.02733284	0.01363711	
6.27	0.02191992	0.02143803	0.02726792	0.01358022	
6.28	0.02185178	0.02137225	0.02720329	0.01352362	
6.29	0.02178393	0.02130675	0.02713895	0.01346730	
6.3	0.02171638	0.02124154	0.02707489	0.01341127	
6.31	0.02164914	0.02117661	0.02701112	0.01335552	
6.32	0.02158218	0.02111196	0.02694762	0.01330004	
6.33	0.02151552	0.02104760	0.02688441	0.01324485	
6.34	0.02144916	0.02098351	0.02682148	0.01318993	
6.35	0.02138308	0.02091969	0.02675882	0.01313529	
6.36	0.02131729	0.02085616	0.02669645	0.01308092	
6.37	0.02125179	0.02079289	0.02663434	0.01302682	
6.38	0.02118658	0.02072990	0.02657251	0.01297300	
6.39	0.02112165	0.02066718	0.02651095	0.01291944	
6.4	0.02105700	0.02060473	0.02644967	0.01286615	
6.41	0.02099263	0.02054255	0.02638865	0.01281312	
6.42	0.02092855	0.02048063	0.02632790	0.01276036	
6.43	0.02086474	0.02041898	0.02626741	0.01270786	
6.44	0.02080121	0.02035759	0.02620719	0.01265562	
6.45	0.02073795	0.02029646	0.02614723	0.01260364	
6.46	0.02067497	0.02023559	0.02608754	0.01255191	
6.47	0.02061226	0.02017499	0.02602810	0.01250044	
6.48	0.02054982	0.02011464	0.02596893	0.01244923	
6.49	0.02048765	0.02005455	0.02591001	0.01239827	
6.5	0.02042575	0.01999471	0.02585135	0.01234756	
6.51	0.02036411	0.01993513	0.02579295	0.01229711	
6.52	0.02030274	0.01987580	0.02573479	0.01224690	
6.53	0.02024163	0.01981672	0.02567689	0.01219693	
6.54	0.02018079	0.01975789	0.02561924	0.01214722	
6.55	0.02012020	0.01969931	0.02556185	0.01209774	
6.56	0.02005988	0.01964098	0.02550470	0.01204851	
6.57	0.01999981	0.01958289	0.02544779	0.01199952	
6.58	0.01994000	0.01952505	0.02539113	0.01195078	
6.59	0.01988044	0.01946745	0.02533472	0.01190227	
6.6	0.01982114	0.01941010	0.02527855	0.01185399	
6.61	0.01976209	0.01935298	0.02522262	0.01180595	
6.62	0.01970329	0.01929610	0.02516694	0.01175815	
6.63	0.01964474	0.01923947	0.02511149	0.01171058	
6.64	0.01958644	0.01918307	0.02505628	0.01166324	
6.65	0.01952839	0.01912690	0.02500131	0.01161613	
6.66	0.01947058	0.01907097	0.02494657	0.01156925	
6.67	0.01941302	0.01901527	0.02489207	0.01152260	
6.68	0.01935570	0.01895981	0.02483780	0.01147618	
6.69	0.01929862	0.01890457	0.02478376	0.01142998	
6.7	0.01924178	0.01884957	0.02472995	0.01138400	
6.71	0.01918518	0.01879479	0.02467638	0.01133824	
6.72	0.01912882	0.01874025	0.02462303	0.01129271	
6.73	0.01907270	0.01868592	0.02456991	0.01124740	
6.74	0.01901681	0.01863183	0.02451701	0.01120230	
6.75	0.01896116	0.01857795	0.02446434	0.01115742	
6.76	0.01890574	0.01852430	0.02441189	0.01111276	
6.77	0.01885055	0.01847087	0.02435967	0.01106831	
6.78	0.01879559	0.01841766	0.02430767	0.01102408	
6.79	0.01874086	0.01836467	0.02425588	0.01098006	
6.8	0.01868636	0.01831190	0.02420432	0.01093625	
6.81	0.01863209	0.01825935	0.02415297	0.01089265	
6.82	0.01857804	0.01820701	0.02410185	0.01084926	
6.83	0.01852421	0.01815488	0.02405093	0.01080607	
6.84	0.01847061	0.01810297	0.02400023	0.01076309	
6.85	0.01841723	0.01805127	0.02394975	0.01072032	
6.86	0.01836408	0.01799978	0.02389948	0.01067775	
6.87	0.01831114	0.01794851	0.02384942	0.01063538	
6.88	0.01825842	0.01789744	0.02379957	0.01059322	
6.89	0.01820592	0.01784658	0.02374992	0.01055125	
6.9	0.01815364	0.01779593	0.02370049	0.01050949	
6.91	0.01810157	0.01774548	0.02365126	0.01046792	
6.92	0.01804971	0.01769524	0.02360224	0.01042655	
6.93	0.01799807	0.01764520	0.02355343	0.01038538	
6.94	0.01794664	0.01759536	0.02350482	0.01034440	
6.95	0.01789542	0.01754573	0.02345641	0.01030361	
6.96	0.01784441	0.01749630	0.02340820	0.01026302	
6.97	0.01779361	0.01744706	0.02336020	0.01022261	
6.98	0.01774302	0.01739803	0.02331239	0.01018240	
6.99	0.01769263	0.01734919	0.02326478	0.01014238	
7	0.01764245	0.01730055	0.02321737	0.01010255	
7.01	0.01759248	0.01725211	0.02317016	0.01006290	
7.02	0.01754270	0.01720386	0.02312314	0.01002344	
7.03	0.01749313	0.01715580	0.02307632	0.00998416	
7.04	0.01744376	0.01710794	0.02302969	0.00994507	
7.05	0.01739459	0.01706027	0.02298325	0.00990616	
7.06	0.01734562	0.01701279	0.02293701	0.00986744	
7.07	0.01729685	0.01696550	0.02289096	0.00982889	
7.08	0.01724828	0.01691839	0.02284509	0.00979053	
7.09	0.01719990	0.01687148	0.02279942	0.00975234	
7.1	0.01715171	0.01682475	0.02275393	0.00971433	
7.11	0.01710372	0.01677821	0.02270863	0.00967650	
7.12	0.01705593	0.01673185	0.02266352	0.00963884	
7.13	0.01700832	0.01668568	0.02261859	0.00960136	
7.14	0.01696091	0.01663969	0.02257385	0.00956406	
7.15	0.01691369	0.01659388	0.02252929	0.00952692	
7.16	0.01686665	0.01654826	0.02248491	0.00948996	
7.17	0.01681981	0.01650281	0.02244071	0.00945317	
7.18	0.01677315	0.01645755	0.02239670	0.00941655	
7.19	0.01672668	0.01641246	0.02235286	0.00938010	
7.2	0.01668039	0.01636755	0.02230920	0.00934381	
7.21	0.01663429	0.01632282	0.02226573	0.00930770	
7.22	0.01658837	0.01627826	0.02222242	0.00927175	
7.23	0.01654264	0.01623388	0.02217930	0.00923597	
7.24	0.01649708	0.01618967	0.02213635	0.00920035	
7.25	0.01645171	0.01614564	0.02209357	0.00916489	
7.26	0.01640651	0.01610177	0.02205097	0.00912960	
7.27	0.01636150	0.01605808	0.02200854	0.00909447	
7.28	0.01631666	0.01601456	0.02196628	0.00905950	
7.29	0.01627200	0.01597122	0.02192419	0.00902469	
7.3	0.01622752	0.01592803	0.02188227	0.00899004	
7.31	0.01618321	0.01588502	0.02184052	0.00895554	
7.32	0.01613908	0.01584218	0.02179894	0.00892121	
7.33	0.01609512	0.01579950	0.02175753	0.00888703	
7.34	0.01605133	0.01575699	0.02171629	0.00885301	
7.35	0.01600772	0.01571464	0.02167521	0.00881914	
7.36	0.01596427	0.01567245	0.02163429	0.00878543	
7.37	0.01592100	0.01563043	0.02159355	0.00875186	
7.38	0.01587789	0.01558858	0.02155296	0.00871846	
7.39	0.01583496	0.01554688	0.02151254	0.00868520	
7.4	0.01579219	0.01550534	0.02147227	0.00865209	
7.41	0.01574959	0.01546397	0.02143217	0.00861914	
7.42	0.01570715	0.01542275	0.02139224	0.00858633	
7.43	0.01566488	0.01538169	0.02135246	0.00855367	
7.44	0.01562277	0.01534079	0.02131283	0.00852116	
7.45	0.01558083	0.01530005	0.02127337	0.00848880	
7.46	0.01553905	0.01525946	0.02123407	0.00845658	
7.47	0.01549743	0.01521903	0.02119492	0.00842450	
7.48	0.01545597	0.01517876	0.02115592	0.00839257	
7.49	0.01541467	0.01513863	0.02111708	0.00836079	
7.5	0.01537353	0.01509866	0.02107840	0.00832914	
7.51	0.01533256	0.01505885	0.02103987	0.00829764	
7.52	0.01529173	0.01501918	0.02100149	0.00826628	
7.53	0.01525107	0.01497967	0.02096327	0.00823506	
7.54	0.01521056	0.01494030	0.02092519	0.00820398	
7.55	0.01517021	0.01490109	0.02088727	0.00817304	
7.56	0.01513001	0.01486202	0.02084950	0.00814224	
7.57	0.01508997	0.01482310	0.02081187	0.00811157	
7.58	0.01505008	0.01478433	0.02077439	0.00808104	
7.59	0.01501034	0.01474571	0.02073707	0.00805065	
7.6	0.01497075	0.01470723	0.02069988	0.00802039	
7.61	0.01493132	0.01466890	0.02066285	0.00799027	
7.62	0.01489203	0.01463071	0.02062596	0.00796028	
7.63	0.01485290	0.01459266	0.02058922	0.00793042	
7.64	0.01481391	0.01455476	0.02055262	0.00790070	
7.65	0.01477507	0.01451700	0.02051616	0.00787111	
7.66	0.01473638	0.01447938	0.02047984	0.00784165	
7.67	0.01469784	0.01444191	0.02044367	0.00781232	
7.68	0.01465944	0.01440457	0.02040764	0.00778311	
7.69	0.01462119	0.01436737	0.02037175	0.00775404	
7.7	0.01458308	0.01433032	0.02033600	0.00772510	
7.71	0.01454511	0.01429340	0.02030039	0.00769628	
7.72	0.01450729	0.01425661	0.02026492	0.00766759	
7.73	0.01446961	0.01421997	0.02022959	0.00763903	
7.74	0.01443208	0.01418346	0.02019440	0.00761059	
7.75	0.01439468	0.01414709	0.02015934	0.00758228	
7.76	0.01435742	0.01411085	0.02012442	0.00755409	
7.77	0.01432031	0.01407475	0.02008963	0.00752602	
7.78	0.01428333	0.01403878	0.02005498	0.00749808	
7.79	0.01424649	0.01400294	0.02002046	0.00747026	
7.8	0.01420979	0.01396724	0.01998608	0.00744256	
7.81	0.01417323	0.01393167	0.01995183	0.00741498	
7.82	0.01413680	0.01389623	0.01991771	0.00738752	
7.83	0.01410051	0.01386092	0.01988372	0.00736019	
7.84	0.01406435	0.01382574	0.01984987	0.00733297	
7.85	0.01402833	0.01379069	0.01981615	0.00730587	
7.86	0.01399244	0.01375577	0.01978255	0.00727889	
7.87	0.01395669	0.01372097	0.01974909	0.00725202	
7.88	0.01392106	0.01368631	0.01971575	0.00722527	
7.89	0.01388557	0.01365177	0.01968254	0.00719864	
7.9	0.01385021	0.01361735	0.01964946	0.00717212	
7.91	0.01381499	0.01358307	0.01961651	0.00714572	
7.92	0.01377989	0.01354891	0.01958368	0.00711943	
7.93	0.01374492	0.01351487	0.01955098	0.00709326	
7.94	0.01371008	0.01348096	0.01951841	0.00706720	
7.95	0.01367537	0.01344717	0.01948595	0.00704125	
7.96	0.01364078	0.01341350	0.01945363	0.00701541	
7.97	0.01360632	0.01337996	0.01942142	0.00698968	
7.98	0.01357199	0.01334654	0.01938934	0.00696407	
7.99	0.01353779	0.01331323	0.01935738	0.00693856	
8	0.01350371	0.01328005	0.01932555	0.00691317	
8.01	0.01346975	0.01324699	0.01929383	0.00688788	
8.02	0.01343592	0.01321405	0.01926224	0.00686270	
8.03	0.01340221	0.01318123	0.01923076	0.00683763	
8.04	0.01336862	0.01314853	0.01919941	0.00681267	
8.05	0.01333516	0.01311594	0.01916817	0.00678781	
8.06	0.01330182	0.01308347	0.01913706	0.00676306	
8.07	0.01326860	0.01305112	0.01910606	0.00673842	
8.08	0.01323550	0.01301888	0.01907518	0.00671388	
8.09	0.01320252	0.01298676	0.01904441	0.00668944	
8.1	0.01316966	0.01295476	0.01901376	0.00666511	
8.11	0.01313692	0.01292287	0.01898323	0.00664089	
8.12	0.01310430	0.01289109	0.01895281	0.00661676	
8.13	0.01307179	0.01285943	0.01892251	0.00659274	
8.14	0.01303940	0.01282788	0.01889232	0.00656882	
8.15	0.01300713	0.01279644	0.01886225	0.00654500	
8.16	0.01297498	0.01276512	0.01883229	0.00652129	
8.17	0.01294294	0.01273390	0.01880244	0.00649767	
8.18	0.01291101	0.01270280	0.01877270	0.00647415	
8.19	0.01287920	0.01267181	0.01874308	0.00645073	
8.2	0.01284751	0.01264093	0.01871356	0.00642742	
8.21	0.01281592	0.01261015	0.01868416	0.00640420	
8.22	0.01278445	0.01257949	0.01865487	0.00638107	
8.23	0.01275310	0.01254893	0.01862568	0.00635805	
8.24	0.01272185	0.01251849	0.01859661	0.00633512	
8.25	0.01269072	0.01248815	0.01856764	0.00631229	
8.26	0.01265969	0.01245791	0.01853879	0.00628955	
8.27	0.01262878	0.01242779	0.01851004	0.00626691	
8.28	0.01259798	0.01239777	0.01848140	0.00624437	
8.29	0.01256728	0.01236785	0.01845286	0.00622192	
8.3	0.01253670	0.01233804	0.01842443	0.00619956	
8.31	0.01250622	0.01230833	0.01839611	0.00617730	
8.32	0.01247586	0.01227873	0.01836789	0.00615513	
8.33	0.01244559	0.01224924	0.01833978	0.00613305	
8.34	0.01241544	0.01221984	0.01831177	0.00611106	
8.35	0.01238539	0.01219055	0.01828387	0.00608917	
8.36	0.01235545	0.01216136	0.01825607	0.00606737	
8.37	0.01232562	0.01213227	0.01822837	0.00604566	
8.38	0.01229588	0.01210328	0.01820077	0.00602403	
8.39	0.01226626	0.01207440	0.01817328	0.00600250	
8.4	0.01223673	0.01204561	0.01814589	0.00598106	
8.41	0.01220731	0.01201693	0.01811860	0.00595971	
8.42	0.01217800	0.01198834	0.01809141	0.00593844	
8.43	0.01214878	0.01195985	0.01806432	0.00591727	
8.44	0.01211967	0.01193147	0.01803733	0.00589618	
8.45	0.01209066	0.01190317	0.01801044	0.00587518	
8.46	0.01206175	0.01187498	0.01798365	0.00585426	
8.47	0.01203295	0.01184689	0.01795696	0.00583343	
8.48	0.01200424	0.01181889	0.01793036	0.00581269	
8.49	0.01197563	0.01179099	0.01790387	0.00579203	
8.5	0.01194712	0.01176318	0.01787747	0.00577146	
8.51	0.01191871	0.01173547	0.01785117	0.00575097	
8.52	0.01189040	0.01170785	0.01782496	0.00573057	
8.53	0.01186219	0.01168033	0.01779885	0.00571025	
8.54	0.01183407	0.01165291	0.01777284	0.00569002	
8.55	0.01180606	0.01162558	0.01774692	0.00566986	
8.56	0.01177813	0.01159834	0.01772109	0.00564979	
8.57	0.01175031	0.01157119	0.01769536	0.00562981	
8.58	0.01172258	0.01154414	0.01766973	0.00560990	
8.59	0.01169495	0.01151718	0.01764419	0.00559008	
8.6	0.01166741	0.01149031	0.01761874	0.00557033	
8.61	0.01163996	0.01146353	0.01759338	0.00555067	
8.62	0.01161261	0.01143684	0.01756812	0.00553109	
8.63	0.01158536	0.01141025	0.01754295	0.00551158	
8.64	0.01155820	0.01138374	0.01751786	0.00549216	
8.65	0.01153113	0.01135733	0.01749288	0.00547282	
8.66	0.01150415	0.01133100	0.01746798	0.00545355	
8.67	0.01147726	0.01130476	0.01744317	0.00543436	
8.68	0.01145047	0.01127861	0.01741845	0.00541525	
8.69	0.01142377	0.01125255	0.01739382	0.00539622	
8.7	0.01139716	0.01122658	0.01736928	0.00537727	
8.71	0.01137064	0.01120069	0.01734483	0.00535839	
8.72	0.01134421	0.01117490	0.01732047	0.00533959	
8.73	0.01131786	0.01114918	0.01729620	0.00532086	
8.74	0.01129161	0.01112356	0.01727201	0.00530221	
8.75	0.01126545	0.01109802	0.01724791	0.00528363	
8.76	0.01123938	0.01107257	0.01722390	0.00526513	
8.77	0.01121339	0.01104720	0.01719997	0.00524671	
8.78	0.01118749	0.01102192	0.01717613	0.00522836	
8.79	0.01116168	0.01099672	0.01715238	0.00521008	
8.8	0.01113596	0.01097160	0.01712871	0.00519188	
8.81	0.01111032	0.01094657	0.01710513	0.00517375	
8.82	0.01108477	0.01092162	0.01708163	0.00515569	
8.83	0.01105930	0.01089676	0.01705822	0.00513770	
8.84	0.01103392	0.01087198	0.01703489	0.00511979	
8.85	0.01100863	0.01084728	0.01701164	0.00510195	
8.86	0.01098342	0.01082266	0.01698848	0.00508418	
8.87	0.01095829	0.01079812	0.01696540	0.00506648	
8.88	0.01093325	0.01077367	0.01694240	0.00504885	
8.89	0.01090829	0.01074930	0.01691949	0.00503130	
8.9	0.01088342	0.01072500	0.01689665	0.00501381	
8.91	0.01085863	0.01070079	0.01687390	0.00499639	
8.92	0.01083392	0.01067666	0.01685123	0.00497904	
8.93	0.01080929	0.01065260	0.01682864	0.00496176	
8.94	0.01078475	0.01062863	0.01680614	0.00494455	
8.95	0.01076028	0.01060473	0.01678371	0.00492741	
8.96	0.01073590	0.01058092	0.01676136	0.00491034	
8.97	0.01071160	0.01055718	0.01673909	0.00489333	
8.98	0.01068738	0.01053352	0.01671690	0.00487639	
8.99	0.01066324	0.01050993	0.01669479	0.00485952	
9	0.01063918	0.01048643	0.01667276	0.00484271	
9.01	0.01061519	0.01046300	0.01665080	0.00482597	
9.02	0.01059129	0.01043965	0.01662893	0.00480930	
9.03	0.01056747	0.01041637	0.01660713	0.00479270	
9.04	0.01054372	0.01039317	0.01658541	0.00477616	
9.05	0.01052005	0.01037005	0.01656377	0.00475968	
9.06	0.01049646	0.01034700	0.01654220	0.00474327	
9.07	0.01047295	0.01032402	0.01652071	0.00472692	
9.08	0.01044952	0.01030112	0.01649929	0.00471064	
9.09	0.01042616	0.01027829	0.01647795	0.00469442	
9.1	0.01040288	0.01025554	0.01645669	0.00467827	
9.11	0.01037967	0.01023287	0.01643550	0.00466218	
9.12	0.01035654	0.01021026	0.01641439	0.00464615	
9.13	0.01033348	0.01018773	0.01639335	0.00463019	
9.14	0.01031050	0.01016527	0.01637238	0.00461429	
9.15	0.01028760	0.01014288	0.01635149	0.00459845	
9.16	0.01026477	0.01012057	0.01633067	0.00458267	
9.17	0.01024201	0.01009833	0.01630993	0.00456695	
9.18	0.01021933	0.01007616	0.01628926	0.00455130	
9.19	0.01019672	0.01005406	0.01626866	0.00453571	
9.2	0.01017418	0.01003203	0.01624813	0.00452017	
9.21	0.01015172	0.01001007	0.01622768	0.00450470	
9.22	0.01012933	0.00998818	0.01620729	0.00448929	
9.23	0.01010701	0.00996636	0.01618698	0.00447394	
9.24	0.01008477	0.00994462	0.01616674	0.00445865	
9.25	0.01006259	0.00992294	0.01614657	0.00444341	
9.26	0.01004049	0.00990133	0.01612647	0.00442824	
9.27	0.01001846	0.00987979	0.01610644	0.00441313	
9.28	0.00999650	0.00985832	0.01608649	0.00439807	
9.29	0.00997461	0.00983691	0.01606660	0.00438307	
9.3	0.00995279	0.00981558	0.01604678	0.00436813	
9.31	0.00993104	0.00979431	0.01602703	0.00435325	
9.32	0.00990936	0.00977311	0.01600735	0.00433843	
9.33	0.00988775	0.00975198	0.01598773	0.00432366	
9.34	0.00986620	0.00973091	0.01596819	0.00430895	
9.35	0.00984473	0.00970991	0.01594871	0.00429430	
9.36	0.00982333	0.00968898	0.01592931	0.00427970	
9.37	0.00980199	0.00966811	0.01590997	0.00426516	
9.38	0.00978072	0.00964731	0.01589069	0.00425068	
9.39	0.00975952	0.00962658	0.01587149	0.00423625	
9.4	0.00973839	0.00960591	0.01585235	0.00422187	
9.41	0.00971732	0.00958530	0.01583327	0.00420756	
9.42	0.00969632	0.00956476	0.01581427	0.00419329	
9.43	0.00967539	0.00954429	0.01579533	0.00417909	
9.44	0.00965452	0.00952388	0.01577645	0.00416493	
9.45	0.00963372	0.00950353	0.01575764	0.00415083	
9.46	0.00961298	0.00948325	0.01573890	0.00413679	
9.47	0.00959231	0.00946303	0.01572022	0.00412279	
9.48	0.00957171	0.00944287	0.01570160	0.00410886	
9.49	0.00955117	0.00942277	0.01568305	0.00409497	
9.5	0.00953069	0.00940274	0.01566457	0.00408114	
9.51	0.00951028	0.00938277	0.01564614	0.00406736	
9.52	0.00948993	0.00936287	0.01562778	0.00405363	
9.53	0.00946965	0.00934302	0.01560949	0.00403996	
9.54	0.00944943	0.00932324	0.01559126	0.00402634	
9.55	0.00942928	0.00930352	0.01557309	0.00401277	
9.56	0.00940918	0.00928386	0.01555498	0.00399925	
9.57	0.00938915	0.00926426	0.01553694	0.00398578	
9.58	0.00936919	0.00924472	0.01551895	0.00397236	
9.59	0.00934928	0.00922524	0.01550103	0.00395900	
9.6	0.00932944	0.00920582	0.01548317	0.00394568	
9.61	0.00930966	0.00918646	0.01546538	0.00393242	
9.62	0.00928994	0.00916717	0.01544764	0.00391920	
9.63	0.00927028	0.00914793	0.01542996	0.00390604	
9.64	0.00925068	0.00912875	0.01541235	0.00389292	
9.65	0.00923114	0.00910963	0.01539480	0.00387986	
9.66	0.00921167	0.00909056	0.01537730	0.00386684	
9.67	0.00919225	0.00907156	0.01535987	0.00385388	
9.68	0.00917289	0.00905262	0.01534249	0.00384096	
9.69	0.00915360	0.00903373	0.01532518	0.00382809	
9.7	0.00913436	0.00901490	0.01530792	0.00381527	
9.71	0.00911519	0.00899613	0.01529073	0.00380250	
9.72	0.00909607	0.00897741	0.01527359	0.00378977	
9.73	0.00907701	0.00895876	0.01525651	0.00377710	
9.74	0.00905801	0.00894016	0.01523949	0.00376447	
9.75	0.00903907	0.00892161	0.01522253	0.00375189	
9.76	0.00902018	0.00890312	0.01520563	0.00373935	
9.77	0.00900136	0.00888469	0.01518878	0.00372686	
9.78	0.00898259	0.00886632	0.01517199	0.00371442	
9.79	0.00896388	0.00884800	0.01515526	0.00370203	
9.8	0.00894522	0.00882974	0.01513858	0.00368968	
9.81	0.00892663	0.00881153	0.01512197	0.00367738	
9.82	0.00890809	0.00879338	0.01510541	0.00366512	
9.83	0.00888960	0.00877528	0.01508890	0.00365291	
9.84	0.00887118	0.00875723	0.01507245	0.00364075	
9.85	0.00885280	0.00873924	0.01505606	0.00362863	
9.86	0.00883449	0.00872131	0.01503972	0.00361656	
9.87	0.00881623	0.00870343	0.01502344	0.00360453	
9.88	0.00879803	0.00868560	0.01500722	0.00359254	
9.89	0.00877988	0.00866783	0.01499104	0.00358060	
9.9	0.00876178	0.00865011	0.01497493	0.00356871	
9.91	0.00874374	0.00863244	0.01495887	0.00355685	
9.92	0.00872576	0.00861483	0.01494286	0.00354505	
9.93	0.00870783	0.00859727	0.01492691	0.00353328	
9.94	0.00868995	0.00857976	0.01491101	0.00352156	
9.95	0.00867213	0.00856230	0.01489517	0.00350989	
9.96	0.00865436	0.00854490	0.01487937	0.00349825	
9.97	0.00863665	0.00852755	0.01486364	0.00348666	
9.98	0.00861899	0.00851025	0.01484795	0.00347512	
9.99	0.00860138	0.00849300	0.01483232	0.00346361	
10	0.00858382	0.00847580	0.01481674	0.00345215	
